5000 900

# Paquetes
1 40 D 775 781
2 3 A 571 585
3 50 D 329 349
4 21 A 990 1015
5 22 E 516 572
6 54 D 417 472
7 62 C 722 752
8 59 E 956 995
9 16 B 419 476
10 75 E 134 149
11 20 B 519 562
12 58 B 138 196
13 2 A 610 638
14 20 E 667 711
15 52 C 788 807
16 22 E 977 989
17 52 E 41 74
18 27 B 507 535
19 43 E 492 550
20 57 C 875 900
21 35 D 783 833
22 39 B 835 863
23 78 B 415 464
24 80 B 631 638
25 42 A 293 340
26 49 D 736 786
27 47 D 675 718
28 7 A 161 186
29 15 B 530 541
30 31 E 795 831
31 51 A 379 394
32 1 C 45 77
33 2 E 849 867
34 7 B 737 765
35 11 E 956 1016
36 16 A 821 873
37 21 D 719 753
38 1 B 503 534
39 37 C 1000 1008
40 40 D 262 302
41 80 C 502 529
42 22 E 112 155
43 73 B 564 608
44 28 C 743 765
45 33 A 927 951
46 21 A 752 781
47 45 D 150 207
48 20 A 778 808
49 36 A 310 359
50 29 C 683 688
51 39 E 872 923
52 49 E 258 297
53 3 A 721 747
54 35 B 393 423
55 68 E 89 93
56 11 E 825 836
57 70 D 851 868
58 74 A 118 156
59 1 B 288 348
60 65 D 912 962
61 26 C 263 322
62 23 E 844 883
63 8 B 955 961
64 47 D 973 983
65 49 B 212 267
66 26 B 504 523
67 75 B 670 712
68 72 D 577 586
69 42 A 605 631
70 41 A 737 771
71 78 A 165 205
72 27 D 680 740
73 42 D 549 589
74 40 B 901 937
75 62 E 233 251
76 27 E 507 534
77 42 D 870 929
78 28 E 978 1028
79 56 D 59 95
80 77 A 592 615
81 61 E 89 135
82 28 C 898 954
83 21 D 446 474
84 43 C 907 955
85 10 E 381 438
86 72 A 725 734
87 72 D 15 63
88 14 C 397 444
89 10 C 332 349
90 25 E 108 165
91 53 A 722 750
92 19 C 146 179
93 45 B 594 637
94 23 C 559 609
95 13 D 659 682
96 37 D 847 890
97 28 E 789 845
98 5 C 766 800
99 6 C 500 542
100 62 B 750 771
101 2 B 220 237
102 30 E 30 36
103 55 D 124 178
104 76 A 296 347
105 4 C 62 69
106 38 D 699 715
107 2 C 957 1005
108 60 C 740 744
109 70 A 864 896
110 35 A 21 62
111 45 D 301 334
112 51 B 687 739
113 7 E 248 265
114 78 B 86 115
115 32 C 581 613
116 9 C 118 177
117 5 A 229 248
118 66 D 233 274
119 16 D 389 443
120 20 E 50 61
121 12 C 974 1015
122 68 A 35 93
123 1 D 549 601
124 56 D 328 347
125 54 D 201 222
126 16 A 826 885
127 14 D 631 655
128 25 E 224 258
129 30 B 933 988
130 38 C 745 750
131 66 E 176 204
132 75 A 563 568
133 22 B 242 271
134 3 B 610 663
135 43 A 251 267
136 14 B 34 64
137 2 D 698 700
138 6 D 710 728
139 10 D 727 745
140 35 E 7 47
141 36 B 704 756
142 34 A 733 780
143 12 E 727 746
144 60 E 325 336
145 74 B 996 1038
146 67 C 51 59
147 36 C 479 502
148 15 A 119 135
149 49 D 873 911
150 65 C 783 820
151 16 C 365 425
152 24 E 621 636
153 36 C 587 647
154 55 A 769 775
155 47 C 241 249
156 55 A 243 282
157 23 D 347 394
158 34 D 615 642
159 55 B 243 247
160 41 C 923 961
161 13 C 111 148
162 5 E 357 395
163 55 A 543 567
164 75 A 912 922
165 3 C 923 935
166 53 A 205 246
167 80 B 901 958
168 25 C 171 179
169 30 C 876 930
170 1 E 798 848
171 13 E 531 573
172 47 B 440 486
173 6 A 347 393
174 51 D 46 71
175 48 C 108 147
176 57 B 149 167
177 52 C 94 117
178 41 D 57 95
179 75 E 574 616
180 19 E 526 580
181 14 D 264 288
182 1 B 161 174
183 73 B 270 287
184 26 B 92 116
185 11 A 253 304
186 35 E 608 610
187 43 E 528 585
188 54 E 639 659
189 70 D 928 943
190 72 E 998 1031
191 7 C 469 472
192 21 D 557 604
193 31 B 755 757
194 50 D 73 127
195 54 A 420 466
196 64 A 98 138
197 15 E 749 806
198 32 B 298 347
199 40 B 819 839
200 63 E 768 825
201 5 E 562 607
202 40 E 19 21
203 45 E 546 583
204 24 B 758 762
205 28 E 681 686
206 30 D 800 810
207 35 D 603 638
208 78 E 504 528
209 39 B 121 130
210 24 A 342 377
211 72 B 533 579
212 53 A 163 187
213 32 B 742 798
214 62 B 51 98
215 11 A 758 790
216 61 D 541 568
217 73 A 812 820
218 46 A 942 992
219 33 B 358 404
220 70 E 137 179
221 2 A 382 434
222 33 B 861 876
223 32 E 261 311
224 62 E 984 1040
225 52 E 132 142
226 55 A 651 696
227 30 D 755 804
228 64 B 720 757
229 60 D 925 972
230 30 C 689 710
231 44 C 524 550
232 73 A 868 916
233 57 A 546 575
234 67 D 859 896
235 40 D 860 869
236 59 C 224 249
237 56 B 532 548
238 51 A 400 415
239 10 E 779 819
240 36 D 323 329
241 30 D 22 26
242 4 C 212 265
243 19 C 161 215
244 62 C 423 467
245 60 C 971 1020
246 67 A 58 117
247 63 B 536 595
248 27 A 238 275
249 26 D 701 750
250 40 D 555 608
251 22 B 697 724
252 30 B 353 366
253 10 B 770 803
254 18 D 107 122
255 40 E 984 1005
256 21 A 61 100
257 31 D 439 453
258 39 D 193 198
259 33 B 624 666
260 41 E 358 368
261 38 A 892 897
262 24 E 666 691
263 47 D 557 605
264 22 A 928 953
265 35 D 39 79
266 11 A 739 759
267 56 D 428 488
268 3 C 886 930
269 65 B 670 694
270 74 C 226 268
271 64 D 51 111
272 51 D 20 39
273 43 E 906 964
274 42 A 431 451
275 69 B 990 996
276 66 D 20 54
277 34 C 264 324
278 67 B 761 811
279 6 A 3 14
280 19 C 504 513
281 54 D 535 585
282 40 B 830 837
283 22 D 650 687
284 47 C 350 390
285 34 A 386 444
286 74 E 335 345
287 22 B 888 907
288 25 E 213 246
289 63 D 387 392
290 54 E 653 702
291 66 A 56 99
292 38 D 697 718
293 20 A 454 499
294 14 E 162 178
295 18 A 713 734
296 65 E 172 197
297 62 A 118 128
298 41 A 418 432
299 38 D 756 800
300 13 A 418 422
301 78 B 567 621
302 60 A 938 941
303 59 B 798 829
304 13 E 415 437
305 21 A 394 427
306 78 C 301 334
307 8 D 80 127
308 41 A 322 344
309 15 A 103 112
310 79 E 69 107
311 54 B 771 810
312 31 B 918 936
313 35 D 254 307
314 31 D 213 264
315 18 A 329 365
316 24 E 54 91
317 18 A 231 235
318 7 E 520 563
319 80 E 534 570
320 31 C 820 827
321 4 B 745 785
322 49 D 681 740
323 73 D 120 129
324 28 A 308 323
325 26 D 606 641
326 17 C 8 10
327 19 E 816 852
328 19 D 254 275
329 57 C 41 62
330 78 E 134 136
331 34 E 940 960
332 29 C 398 435
333 62 C 426 457
334 76 B 226 232
335 43 E 50 107
336 51 C 475 522
337 80 B 338 351
338 67 D 848 866
339 73 A 264 311
340 77 C 972 993
341 68 D 407 449
342 11 B 116 122
343 53 D 510 526
344 29 C 224 266
345 13 B 942 973
346 7 C 41 79
347 52 A 682 738
348 4 E 310 332
349 69 B 114 120
350 23 B 824 855
351 42 E 256 315
352 25 E 662 706
353 4 E 621 627
354 70 E 285 298
355 80 A 119 134
356 44 D 785 842
357 33 E 922 957
358 68 B 669 725
359 63 B 250 256
360 12 C 500 504
361 1 C 791 843
362 62 A 247 287
363 51 B 780 799
364 55 D 720 759
365 31 E 373 389
366 45 D 395 439
367 3 B 931 981
368 20 A 239 242
369 39 D 508 535
370 58 B 526 578
371 63 C 265 276
372 62 C 551 557
373 73 C 689 745
374 63 A 60 74
375 28 E 460 472
376 26 D 957 983
377 17 B 405 412
378 24 E 803 850
379 63 C 6 48
380 62 D 558 574
381 43 D 787 828
382 51 D 772 818
383 30 B 335 340
384 29 B 923 938
385 66 D 248 304
386 38 E 156 161
387 71 C 97 126
388 37 D 392 406
389 26 E 1 17
390 24 E 866 920
391 2 B 364 410
392 33 E 488 533
393 12 D 103 115
394 58 E 136 177
395 20 E 232 253
396 41 B 468 471
397 28 D 385 414
398 66 C 843 860
399 60 A 426 430
400 74 D 298 308
401 31 A 671 679
402 63 B 52 74
403 58 E 997 1048
404 9 E 719 733
405 23 C 203 236
406 65 B 863 872
407 57 E 27 54
408 68 A 629 683
409 54 E 998 1044
410 78 E 426 471
411 65 C 913 960
412 48 C 565 603
413 22 E 977 990
414 52 D 640 651
415 66 D 211 241
416 72 A 211 269
417 62 B 7 63
418 54 B 430 487
419 17 D 209 223
420 41 D 267 272
421 55 D 516 565
422 28 A 388 407
423 63 E 700 716
424 20 A 883 942
425 63 A 738 764
426 38 D 721 732
427 16 A 532 540
428 42 E 49 62
429 58 C 792 830
430 22 B 486 531
431 34 D 317 359
432 56 C 222 245
433 10 E 545 599
434 50 D 440 495
435 65 A 89 116
436 7 C 173 233
437 8 B 374 429
438 54 D 765 802
439 68 A 958 1005
440 32 E 546 571
441 61 C 32 38
442 1 B 895 913
443 33 C 121 157
444 3 D 718 721
445 26 C 674 676
446 30 C 187 208
447 28 A 982 994
448 45 C 491 529
449 10 E 376 426
450 65 C 264 309
451 38 C 37 97
452 36 C 505 546
453 11 B 39 42
454 16 C 911 966
455 18 D 384 407
456 55 C 454 508
457 46 C 477 516
458 31 A 213 252
459 59 C 70 99
460 27 C 385 417
461 68 D 252 282
462 79 C 182 186
463 32 A 462 505
464 63 B 964 991
465 38 C 62 121
466 7 A 701 723
467 18 B 56 106
468 24 C 414 421
469 29 E 418 442
470 69 D 563 579
471 77 E 16 47
472 29 E 916 926
473 37 C 717 763
474 57 E 936 996
475 43 D 252 261
476 42 A 679 684
477 34 A 260 273
478 15 C 609 647
479 7 D 218 263
480 56 D 725 735
481 53 A 849 901
482 71 A 498 503
483 8 C 732 760
484 50 A 796 819
485 5 E 455 508
486 68 E 424 455
487 67 B 656 673
488 52 B 887 891
489 7 A 847 881
490 40 A 585 615
491 58 C 553 570
492 77 D 356 406
493 36 B 493 515
494 53 B 932 950
495 78 D 911 947
496 75 C 682 686
497 68 E 490 540
498 67 C 580 631
499 12 B 746 795
500 52 B 73 90
501 53 C 166 188
502 38 C 871 916
503 32 B 562 620
504 33 B 328 348
505 33 D 753 756
506 28 D 123 159
507 40 C 329 379
508 41 D 989 995
509 50 B 244 261
510 56 A 779 829
511 77 D 652 712
512 73 A 398 450
513 71 E 548 568
514 23 A 532 576
515 12 E 502 557
516 8 E 670 709
517 73 D 515 574
518 28 C 761 820
519 1 A 305 354
520 37 C 834 866
521 62 B 624 641
522 42 D 197 246
523 21 B 847 880
524 40 D 374 401
525 41 C 842 880
526 57 A 327 379
527 79 C 376 433
528 22 D 143 162
529 2 B 951 957
530 51 B 871 899
531 61 A 901 957
532 80 B 81 113
533 65 B 843 864
534 8 C 929 948
535 63 C 921 947
536 21 A 725 749
537 37 E 908 966
538 73 B 14 37
539 13 A 404 453
540 36 C 274 311
541 52 C 490 527
542 19 C 433 440
543 15 D 810 855
544 78 A 440 491
545 40 D 608 646
546 56 B 50 102
547 75 A 637 696
548 11 A 368 377
549 59 C 972 985
550 35 C 513 556
551 5 B 335 341
552 57 D 796 811
553 36 A 361 393
554 32 B 742 766
555 56 D 708 730
556 35 C 227 259
557 16 E 688 713
558 50 D 351 391
559 72 D 931 953
560 39 D 247 255
561 18 B 319 365
562 72 D 630 686
563 72 E 221 257
564 35 C 544 586
565 78 A 856 900
566 15 D 931 975
567 75 D 378 407
568 2 C 387 421
569 74 B 887 932
570 44 B 526 551
571 59 D 545 587
572 62 D 932 941
573 21 C 214 217
574 31 D 665 692
575 77 D 498 542
576 39 A 605 649
577 61 C 748 754
578 53 E 37 78
579 74 D 65 106
580 32 E 399 403
581 9 D 255 314
582 33 E 216 225
583 30 C 819 843
584 16 A 621 634
585 33 E 788 832
586 16 A 53 58
587 73 B 223 255
588 59 E 550 563
589 59 E 490 496
590 51 D 334 345
591 58 C 600 615
592 29 B 366 383
593 43 B 221 223
594 4 B 274 278
595 49 D 12 23
596 54 B 4 64
597 11 E 638 688
598 15 D 206 246
599 34 C 150 207
600 77 C 99 159
601 20 A 838 868
602 36 A 133 167
603 54 A 649 692
604 66 A 620 673
605 41 A 336 358
606 76 C 898 953
607 42 A 112 129
608 37 B 371 382
609 43 D 824 848
610 78 A 685 694
611 1 A 192 230
612 29 B 472 475
613 78 B 874 880
614 61 B 888 901
615 46 B 575 579
616 53 B 661 691
617 80 D 634 687
618 8 B 694 747
619 47 E 822 858
620 10 D 278 324
621 48 B 318 334
622 69 D 955 975
623 48 E 741 763
624 11 B 127 132
625 49 E 194 225
626 37 C 395 433
627 8 A 665 701
628 80 A 861 883
629 3 B 61 115
630 63 D 164 220
631 31 B 761 794
632 44 E 483 509
633 80 E 673 724
634 74 E 644 667
635 14 E 312 347
636 52 C 553 595
637 64 D 567 578
638 52 D 177 222
639 7 E 824 868
640 66 E 722 760
641 34 C 310 321
642 8 D 456 490
643 14 B 744 775
644 34 C 817 867
645 37 A 258 292
646 16 D 728 752
647 2 C 687 730
648 27 A 721 753
649 34 A 190 250
650 20 D 35 54
651 45 D 982 990
652 78 C 235 277
653 18 A 973 975
654 78 E 434 488
655 40 B 248 303
656 62 D 571 590
657 49 C 716 766
658 4 E 725 780
659 34 E 782 816
660 44 B 552 563
661 76 B 46 92
662 5 A 109 124
663 77 D 566 574
664 52 B 986 1042
665 60 C 875 895
666 1 E 632 646
667 55 E 699 720
668 22 D 387 392
669 63 B 37 42
670 50 B 653 673
671 60 A 357 409
672 62 A 233 283
673 53 D 523 539
674 67 C 230 267
675 13 D 781 814
676 77 D 443 454
677 18 E 780 809
678 2 E 492 511
679 1 D 942 983
680 46 A 108 158
681 33 D 980 1039
682 51 E 541 553
683 10 B 373 391
684 52 A 498 521
685 19 E 651 675
686 50 E 651 707
687 60 E 379 424
688 4 C 381 434
689 38 C 676 728
690 34 E 140 197
691 34 C 946 949
692 14 E 16 46
693 24 B 583 630
694 55 A 972 1000
695 15 C 808 821
696 11 B 121 164
697 70 D 756 790
698 24 E 425 457
699 74 C 808 859
700 40 C 449 490
701 8 B 691 695
702 54 D 388 401
703 17 B 102 126
704 74 E 248 304
705 53 A 753 768
706 40 A 334 374
707 16 B 745 747
708 12 C 751 783
709 73 A 110 151
710 78 E 776 829
711 23 E 305 333
712 42 D 865 921
713 35 C 299 307
714 44 C 980 1037
715 27 A 691 749
716 43 E 911 918
717 47 C 161 194
718 70 A 373 408
719 77 A 529 536
720 18 A 150 208
721 71 C 674 691
722 80 E 539 597
723 62 E 436 445
724 76 B 462 493
725 16 B 352 363
726 9 E 458 468
727 26 B 664 678
728 6 D 360 410
729 60 E 210 230
730 80 E 434 457
731 17 D 158 218
732 43 C 332 384
733 58 D 569 590
734 78 E 992 1020
735 45 E 957 1008
736 51 C 778 834
737 14 D 940 967
738 66 A 359 390
739 51 A 34 73
740 9 E 687 707
741 70 E 8 28
742 42 A 936 975
743 11 D 909 952
744 2 E 369 428
745 33 A 416 424
746 69 D 580 601
747 43 A 379 429
748 56 A 98 124
749 65 C 873 902
750 31 E 417 419
751 53 D 520 532
752 72 D 129 173
753 32 E 290 345
754 1 C 248 302
755 17 C 973 1026
756 13 D 116 171
757 14 B 927 942
758 50 E 305 314
759 65 E 882 914
760 19 B 965 1013
761 62 C 893 908
762 57 C 957 986
763 43 B 976 985
764 57 C 460 496
765 70 D 307 317
766 45 A 390 416
767 69 E 489 545
768 3 D 174 197
769 70 B 205 221
770 29 C 41 43
771 16 B 854 891
772 50 D 731 742
773 34 A 98 120
774 24 C 472 507
775 47 A 731 777
776 24 D 563 588
777 60 A 619 659
778 49 B 494 531
779 27 B 374 414
780 55 D 986 1039
781 18 C 599 603
782 33 D 474 494
783 19 A 975 1024
784 49 E 828 838
785 7 C 641 664
786 11 C 727 755
787 60 C 77 81
788 9 C 422 447
789 48 E 421 462
790 35 B 329 388
791 62 E 984 1027
792 65 E 847 851
793 54 A 963 995
794 39 B 699 756
795 54 B 721 729
796 8 A 833 840
797 21 C 124 145
798 5 B 802 824
799 13 D 968 998
800 36 A 688 735
801 57 E 729 773
802 44 C 516 539
803 68 A 641 643
804 71 D 417 434
805 29 E 575 594
806 70 C 144 146
807 16 A 924 951
808 31 B 282 285
809 11 A 37 43
810 71 E 777 781
811 2 C 696 754
812 12 B 55 97
813 31 E 798 813
814 65 C 222 258
815 39 D 718 720
816 44 E 597 638
817 54 C 631 675
818 67 D 853 911
819 35 E 882 938
820 22 C 635 678
821 58 C 666 720
822 48 C 752 764
823 50 D 613 655
824 4 A 164 219
825 10 B 637 649
826 28 E 648 690
827 40 B 331 350
828 80 D 123 181
829 25 A 237 293
830 74 D 676 708
831 18 A 132 145
832 9 D 581 633
833 28 B 576 610
834 38 E 229 266
835 8 E 861 919
836 41 B 175 227
837 68 C 168 213
838 70 B 506 553
839 5 C 737 762
840 28 B 391 422
841 10 C 74 99
842 53 D 660 680
843 25 C 818 823
844 17 D 684 702
845 24 C 205 250
846 13 D 625 683
847 45 D 467 497
848 29 E 326 331
849 48 B 300 324
850 49 E 395 427
851 53 D 989 1046
852 59 D 54 112
853 35 B 527 555
854 72 C 326 383
855 70 C 282 341
856 25 A 523 539
857 57 A 224 279
858 21 D 320 338
859 79 A 739 763
860 59 B 949 984
861 78 E 914 950
862 8 E 466 523
863 66 A 793 799
864 37 D 788 820
865 67 E 578 585
866 79 D 249 297
867 43 A 482 492
868 23 B 632 680
869 68 A 559 562
870 77 A 245 305
871 28 E 12 34
872 25 E 88 143
873 17 A 922 965
874 80 C 391 431
875 69 C 576 608
876 71 C 396 429
877 59 B 337 383
878 72 E 697 723
879 17 E 598 636
880 19 E 143 152
881 2 D 768 800
882 39 A 380 416
883 6 D 539 593
884 20 E 207 213
885 26 A 513 550
886 22 A 511 549
887 33 A 498 535
888 30 B 269 272
889 11 C 156 207
890 65 C 811 826
891 44 B 153 163
892 28 C 625 644
893 78 E 840 863
894 3 C 392 409
895 25 E 503 510
896 28 D 162 189
897 47 C 100 117
898 28 E 587 614
899 7 B 62 91
900 24 D 501 509
901 65 C 40 66
902 51 B 966 1017
903 15 D 644 691
904 47 A 619 641
905 32 D 447 451
906 37 B 543 567
907 57 C 826 874
908 79 C 242 261
909 3 B 708 756
910 75 C 977 981
911 10 D 855 915
912 50 B 410 431
913 20 E 358 374
914 27 C 110 134
915 69 E 410 420
916 64 C 385 407
917 40 D 964 988
918 45 C 234 236
919 19 A 226 228
920 55 A 510 517
921 42 C 499 507
922 63 E 748 797
923 79 B 793 808
924 19 A 859 864
925 3 C 377 403
926 55 A 708 757
927 17 C 621 625
928 35 B 832 866
929 73 C 768 770
930 68 D 609 633
931 38 A 987 1035
932 70 B 913 943
933 49 E 236 287
934 62 B 336 347
935 33 E 966 981
936 27 D 104 136
937 8 D 644 665
938 59 C 165 220
939 67 C 444 504
940 1 A 201 235
941 71 D 102 146
942 48 C 94 99
943 38 B 301 332
944 76 C 38 76
945 21 E 168 172
946 9 E 441 445
947 43 B 132 136
948 4 C 110 148
949 39 C 21 27
950 23 C 158 200
951 56 D 270 272
952 62 D 373 383
953 11 C 977 1002
954 80 C 372 417
955 64 E 798 829
956 21 A 812 856
957 61 E 200 222
958 72 D 766 826
959 75 C 701 743
960 79 C 417 424
961 73 C 200 245
962 50 A 254 286
963 52 B 494 532
964 1 C 113 161
965 23 B 818 867
966 12 C 177 183
967 33 D 224 278
968 47 E 814 827
969 32 A 326 369
970 43 B 985 991
971 37 B 858 906
972 78 B 791 845
973 24 D 169 225
974 37 C 882 890
975 21 D 311 362
976 49 D 543 582
977 6 A 856 901
978 78 D 325 329
979 61 D 405 437
980 38 E 940 997
981 14 B 372 419
982 65 C 613 661
983 13 C 984 1034
984 66 B 758 766
985 3 B 105 157
986 21 B 323 350
987 54 A 200 219
988 20 E 201 203
989 1 A 227 259
990 56 C 258 271
991 52 C 785 831
992 9 C 965 1016
993 41 A 243 297
994 74 B 348 393
995 22 A 889 917
996 10 E 135 150
997 42 D 619 641
998 44 D 827 866
999 2 D 191 193
1000 63 E 593 640
1001 19 D 529 561
1002 31 B 626 657
1003 8 D 400 448
1004 46 E 137 142
1005 60 D 412 451
1006 15 D 293 296
1007 31 E 989 1011
1008 36 E 100 151
1009 51 E 195 209
1010 20 E 615 669
1011 34 C 466 526
1012 32 D 691 712
1013 13 D 357 376
1014 78 B 935 975
1015 74 C 654 659
1016 65 D 53 108
1017 1 C 650 696
1018 55 B 560 573
1019 1 E 860 903
1020 64 B 326 334
1021 25 D 909 957
1022 50 D 769 782
1023 75 E 465 467
1024 3 C 899 903
1025 7 E 143 163
1026 76 D 709 723
1027 35 E 218 246
1028 16 B 38 92
1029 24 E 467 480
1030 3 C 707 764
1031 6 C 740 753
1032 35 E 21 61
1033 49 C 816 871
1034 76 C 81 136
1035 70 B 512 560
1036 35 E 64 108
1037 3 A 118 174
1038 21 B 111 117
1039 49 B 883 923
1040 43 E 263 313
1041 43 B 52 108
1042 23 C 459 498
1043 70 D 69 72
1044 80 E 366 376
1045 49 A 73 84
1046 23 C 68 111
1047 23 D 938 985
1048 67 E 16 59
1049 15 D 686 711
1050 37 D 371 395
1051 63 B 16 22
1052 77 A 848 883
1053 8 B 989 1011
1054 1 C 1000 1024
1055 55 C 591 621
1056 51 A 322 343
1057 23 E 282 311
1058 57 E 639 676
1059 2 A 995 1011
1060 45 A 587 623
1061 2 B 471 528
1062 51 C 477 504
1063 49 B 858 890
1064 55 A 892 932
1065 17 D 191 193
1066 40 C 924 982
1067 11 E 439 472
1068 4 D 139 143
1069 35 B 934 989
1070 70 E 380 388
1071 49 B 500 510
1072 34 C 367 380
1073 3 D 543 567
1074 34 D 779 808
1075 72 D 363 384
1076 43 B 167 220
1077 53 B 530 550
1078 24 E 525 532
1079 74 A 448 480
1080 40 D 40 74
1081 58 B 158 185
1082 73 E 83 138
1083 58 D 727 776
1084 26 B 865 867
1085 32 B 251 262
1086 58 D 125 162
1087 53 C 285 344
1088 16 B 291 316
1089 31 A 493 552
1090 6 B 174 176
1091 75 C 517 567
1092 31 D 800 853
1093 50 D 457 470
1094 31 E 192 217
1095 34 A 846 860
1096 19 C 855 864
1097 6 B 2 40
1098 65 C 414 444
1099 79 E 123 160
1100 79 D 181 190
1101 23 D 15 73
1102 2 D 163 209
1103 13 C 68 120
1104 33 B 460 462
1105 46 E 518 541
1106 45 B 989 1049
1107 70 B 629 679
1108 5 A 191 240
1109 76 D 24 40
1110 32 B 219 235
1111 60 B 874 892
1112 38 E 218 231
1113 67 C 698 755
1114 39 E 64 106
1115 43 D 629 663
1116 64 C 917 937
1117 71 C 426 460
1118 61 A 449 500
1119 76 A 108 121
1120 70 E 194 221
1121 9 B 48 83
1122 58 E 360 410
1123 62 E 305 354
1124 46 C 614 649
1125 78 D 586 627
1126 59 E 784 831
1127 61 B 574 624
1128 30 A 120 123
1129 68 E 17 21
1130 79 B 596 637
1131 59 B 257 302
1132 52 B 537 595
1133 10 B 22 64
1134 68 A 676 697
1135 16 C 24 32
1136 22 C 376 404
1137 29 C 434 453
1138 15 C 611 624
1139 4 C 808 812
1140 49 A 805 857
1141 62 B 909 937
1142 46 D 509 549
1143 67 E 807 819
1144 74 D 187 198
1145 25 A 273 281
1146 43 C 626 642
1147 27 A 45 60
1148 78 E 107 124
1149 20 D 183 207
1150 23 C 779 809
1151 4 D 621 656
1152 66 D 198 222
1153 69 C 366 419
1154 49 C 565 611
1155 37 C 825 832
1156 78 C 973 1009
1157 23 B 652 694
1158 35 A 954 971
1159 45 A 136 152
1160 40 D 653 696
1161 71 A 621 662
1162 79 B 146 154
1163 56 B 402 407
1164 14 E 693 697
1165 69 A 551 577
1166 44 E 347 365
1167 50 C 112 153
1168 46 E 921 927
1169 35 B 679 707
1170 8 D 560 572
1171 15 D 143 153
1172 50 A 115 161
1173 76 E 299 312
1174 33 E 612 625
1175 28 C 241 283
1176 25 E 446 487
1177 13 A 317 347
1178 47 A 250 299
1179 55 B 72 90
1180 15 C 546 581
1181 77 E 699 723
1182 49 E 530 572
1183 8 D 188 225
1184 57 C 135 178
1185 13 E 190 215
1186 26 C 698 720
1187 25 D 778 818
1188 66 E 824 861
1189 57 B 363 411
1190 43 D 490 509
1191 69 E 424 464
1192 76 D 207 240
1193 70 A 810 870
1194 53 C 274 320
1195 72 E 31 56
1196 48 E 709 725
1197 17 C 811 827
1198 72 A 395 454
1199 22 D 874 922
1200 73 D 718 747
1201 29 B 904 960
1202 3 A 709 720
1203 54 B 228 257
1204 25 E 862 876
1205 13 B 624 650
1206 4 B 126 164
1207 79 B 801 849
1208 57 A 741 761
1209 21 B 615 671
1210 56 B 390 399
1211 74 D 303 314
1212 49 A 634 640
1213 2 C 38 42
1214 18 B 36 83
1215 32 E 440 499
1216 73 E 277 316
1217 7 A 120 157
1218 25 B 685 694
1219 32 C 833 861
1220 22 A 370 373
1221 61 D 902 957
1222 69 B 518 536
1223 80 E 700 711
1224 63 C 271 328
1225 23 A 410 435
1226 15 E 104 139
1227 59 B 38 48
1228 24 E 284 300
1229 44 E 336 373
1230 50 B 758 772
1231 29 E 260 310
1232 27 D 155 184
1233 20 C 643 651
1234 79 C 540 566
1235 61 D 847 858
1236 26 E 86 129
1237 48 A 50 86
1238 48 A 343 385
1239 39 A 554 574
1240 7 A 410 441
1241 63 E 511 518
1242 36 E 659 707
1243 20 E 453 508
1244 62 E 709 728
1245 21 B 816 865
1246 25 B 786 792
1247 43 C 851 853
1248 53 B 768 786
1249 39 C 254 301
1250 30 E 868 898
1251 2 B 111 135
1252 74 A 812 826
1253 11 A 915 963
1254 23 B 877 913
1255 63 E 63 121
1256 3 B 242 247
1257 57 C 966 972
1258 41 E 430 433
1259 73 D 535 539
1260 70 A 136 162
1261 5 A 975 1004
1262 71 B 671 707
1263 1 B 820 866
1264 21 C 993 1006
1265 80 C 387 434
1266 30 D 988 1017
1267 20 E 368 380
1268 54 D 398 448
1269 68 A 919 960
1270 70 C 226 274
1271 19 D 123 161
1272 46 C 750 774
1273 14 E 2 35
1274 17 E 151 209
1275 34 E 608 638
1276 23 B 272 280
1277 29 A 972 980
1278 17 C 330 340
1279 65 B 592 602
1280 15 D 472 524
1281 53 D 27 73
1282 42 D 697 737
1283 75 B 158 188
1284 70 A 196 228
1285 29 B 985 1040
1286 74 D 54 78
1287 57 D 832 878
1288 72 A 873 930
1289 5 B 225 247
1290 22 B 75 104
1291 16 E 506 530
1292 16 A 355 375
1293 18 D 854 894
1294 45 B 914 940
1295 9 D 1000 1055
1296 54 E 982 1035
1297 43 D 111 135
1298 41 D 230 288
1299 74 E 343 354
1300 26 A 424 463
1301 17 B 853 894
1302 1 C 793 852
1303 40 B 266 326
1304 38 D 970 986
1305 42 C 886 892
1306 19 B 892 918
1307 76 C 903 951
1308 74 B 248 255
1309 23 E 944 946
1310 54 E 632 660
1311 6 E 699 702
1312 68 D 539 545
1313 8 C 115 136
1314 56 C 971 999
1315 42 A 610 623
1316 10 E 654 709
1317 26 E 885 909
1318 31 B 826 847
1319 61 E 160 201
1320 13 B 805 818
1321 2 A 282 334
1322 44 E 665 674
1323 55 A 431 445
1324 14 A 636 652
1325 33 E 86 115
1326 35 A 175 225
1327 69 C 317 330
1328 73 A 165 196
1329 36 C 551 593
1330 51 A 719 724
1331 14 E 929 935
1332 54 E 4 27
1333 15 B 861 885
1334 8 C 260 274
1335 14 D 779 804
1336 45 A 578 630
1337 2 B 568 626
1338 65 A 119 139
1339 35 B 966 979
1340 69 B 618 637
1341 5 A 50 69
1342 18 C 888 927
1343 57 D 150 207
1344 58 C 253 255
1345 47 D 559 571
1346 75 B 119 136
1347 24 A 101 113
1348 48 A 993 1003
1349 46 D 241 290
1350 53 D 930 948
1351 3 E 597 615
1352 45 B 872 894
1353 62 C 741 765
1354 44 E 133 183
1355 80 E 93 139
1356 14 D 84 100
1357 45 C 137 145
1358 3 B 38 66
1359 40 A 710 737
1360 19 A 361 414
1361 5 B 994 1021
1362 58 C 216 236
1363 48 C 174 183
1364 67 E 750 785
1365 44 A 825 878
1366 14 C 16 60
1367 71 B 189 201
1368 57 D 620 658
1369 47 A 903 948
1370 71 D 139 163
1371 44 C 68 92
1372 6 C 76 117
1373 65 A 672 684
1374 66 C 941 946
1375 32 C 373 381
1376 25 D 60 117
1377 63 C 894 945
1378 11 A 126 184
1379 75 D 593 648
1380 52 D 997 1031
1381 73 D 641 662
1382 42 B 453 464
1383 1 B 955 982
1384 59 A 617 668
1385 37 A 656 673
1386 54 E 25 75
1387 20 A 837 855
1388 40 D 497 505
1389 76 B 236 242
1390 53 C 443 471
1391 45 E 676 721
1392 18 D 546 565
1393 14 C 88 125
1394 5 E 98 107
1395 57 C 591 630
1396 42 C 313 335
1397 64 E 172 208
1398 52 D 226 239
1399 44 D 770 811
1400 32 E 653 655
1401 55 C 827 843
1402 12 A 120 175
1403 52 C 730 736
1404 14 E 488 543
1405 35 A 814 836
1406 9 B 139 162
1407 9 D 967 973
1408 41 A 264 305
1409 36 A 864 903
1410 22 E 831 886
1411 20 D 46 94
1412 49 E 325 360
1413 77 A 149 189
1414 71 E 563 593
1415 38 E 685 712
1416 19 E 721 734
1417 56 B 994 1035
1418 4 E 422 452
1419 51 C 970 1018
1420 6 C 6 28
1421 52 E 892 919
1422 73 E 146 205
1423 1 D 350 389
1424 31 C 415 464
1425 75 E 171 214
1426 55 A 387 401
1427 2 D 801 841
1428 4 A 854 872
1429 59 C 475 508
1430 28 D 107 110
1431 48 E 779 818
1432 20 A 550 558
1433 68 B 698 703
1434 34 D 58 97
1435 4 D 823 862
1436 66 C 316 331
1437 36 C 952 961
1438 38 E 950 998
1439 4 B 936 968
1440 37 A 715 767
1441 31 B 115 166
1442 26 D 961 1013
1443 4 D 370 385
1444 45 A 66 80
1445 51 C 272 327
1446 7 C 507 538
1447 15 B 920 922
1448 43 D 37 62
1449 19 A 32 91
1450 45 E 333 356
1451 28 C 468 471
1452 39 D 101 144
1453 43 A 409 425
1454 20 D 20 69
1455 26 D 605 646
1456 1 A 512 551
1457 23 D 434 460
1458 23 C 102 145
1459 14 C 723 762
1460 75 A 235 268
1461 64 E 106 142
1462 34 A 694 746
1463 25 A 84 89
1464 48 C 915 927
1465 79 C 569 572
1466 51 C 134 139
1467 43 A 909 955
1468 13 C 890 917
1469 5 D 773 799
1470 74 A 437 453
1471 65 C 135 151
1472 10 E 469 486
1473 43 E 966 988
1474 62 D 764 801
1475 20 E 532 546
1476 29 D 685 688
1477 45 E 862 868
1478 25 C 659 707
1479 26 A 206 253
1480 44 C 387 421
1481 19 D 730 762
1482 66 B 3 56
1483 29 C 959 980
1484 34 B 117 132
1485 56 E 659 677
1486 9 B 303 335
1487 7 A 952 993
1488 44 B 754 802
1489 18 E 736 768
1490 36 E 823 843
1491 48 E 370 404
1492 46 B 716 767
1493 68 E 89 99
1494 35 C 817 821
1495 17 C 16 53
1496 25 E 536 563
1497 65 A 646 653
1498 13 A 199 250
1499 2 B 841 900
1500 36 E 209 249
1501 44 C 415 462
1502 14 C 845 900
1503 74 E 268 316
1504 55 E 631 686
1505 22 B 520 532
1506 9 D 77 125
1507 45 B 483 539
1508 28 D 663 697
1509 28 B 384 392
1510 7 B 598 601
1511 35 C 277 322
1512 70 B 477 501
1513 61 E 316 335
1514 80 E 608 628
1515 22 E 133 138
1516 9 D 379 436
1517 35 B 925 964
1518 43 A 325 375
1519 54 C 506 527
1520 29 E 758 808
1521 3 D 986 992
1522 59 A 467 521
1523 80 C 216 247
1524 25 E 497 499
1525 34 E 693 717
1526 48 E 695 752
1527 34 D 268 286
1528 72 C 177 188
1529 9 C 179 186
1530 48 D 68 119
1531 36 E 239 258
1532 80 D 793 833
1533 45 C 721 755
1534 37 A 774 815
1535 15 B 717 773
1536 38 B 966 1025
1537 67 D 695 714
1538 5 E 706 738
1539 49 B 379 416
1540 8 B 469 494
1541 31 A 568 625
1542 78 E 436 463
1543 8 E 921 980
1544 25 B 900 902
1545 79 B 909 963
1546 47 E 474 526
1547 37 C 699 719
1548 14 A 857 874
1549 19 A 710 770
1550 32 A 796 799
1551 79 A 556 615
1552 60 B 93 96
1553 27 B 816 824
1554 60 B 764 782
1555 15 E 228 267
1556 73 A 450 472
1557 31 D 785 841
1558 65 E 367 386
1559 47 A 741 800
1560 17 E 631 638
1561 78 D 342 365
1562 78 E 162 165
1563 11 E 104 115
1564 58 C 663 677
1565 29 A 664 688
1566 14 E 360 401
1567 73 B 554 583
1568 4 B 179 220
1569 54 E 356 361
1570 64 E 69 103
1571 1 E 345 384
1572 50 D 37 46
1573 32 C 205 244
1574 5 E 141 154
1575 40 A 651 701
1576 1 D 777 781
1577 65 A 444 449
1578 31 E 347 402
1579 1 D 93 142
1580 47 D 198 248
1581 39 D 925 943
1582 14 E 722 756
1583 26 D 42 93
1584 44 C 959 966
1585 31 E 109 134
1586 13 E 22 36
1587 42 B 430 463
1588 41 E 457 497
1589 71 E 527 561
1590 66 D 802 840
1591 22 D 685 723
1592 77 A 419 421
1593 61 E 314 350
1594 2 E 137 184
1595 73 A 155 214
1596 78 E 301 338
1597 38 D 136 166
1598 21 B 680 715
1599 14 C 213 253
1600 34 C 914 930
1601 6 C 538 583
1602 62 D 386 433
1603 76 A 912 948
1604 11 B 854 857
1605 48 C 456 514
1606 75 E 355 362
1607 62 E 493 508
1608 63 E 581 587
1609 38 A 166 205
1610 22 C 938 953
1611 71 D 385 413
1612 43 E 824 849
1613 15 D 978 989
1614 69 A 853 887
1615 18 C 778 809
1616 47 C 445 469
1617 58 E 486 493
1618 74 D 325 374
1619 67 A 343 382
1620 22 C 677 702
1621 24 B 345 375
1622 17 A 117 167
1623 16 E 843 894
1624 57 A 37 95
1625 18 E 867 898
1626 37 D 228 283
1627 49 B 218 249
1628 76 B 486 506
1629 67 C 307 367
1630 47 C 754 772
1631 22 A 35 37
1632 14 B 139 191
1633 37 D 3 63
1634 14 E 825 870
1635 59 A 134 178
1636 21 C 84 139
1637 20 D 122 151
1638 46 D 400 419
1639 57 E 247 298
1640 19 E 56 73
1641 5 E 920 975
1642 68 A 264 273
1643 67 B 412 417
1644 41 E 285 337
1645 52 E 341 354
1646 29 B 388 444
1647 39 D 473 480
1648 17 D 294 347
1649 46 C 925 941
1650 11 D 145 163
1651 2 D 21 33
1652 53 B 541 560
1653 43 D 435 470
1654 40 C 19 56
1655 4 D 914 918
1656 69 B 613 646
1657 44 E 462 478
1658 80 A 538 566
1659 22 A 200 208
1660 24 C 319 345
1661 30 C 180 199
1662 58 C 256 278
1663 70 A 625 642
1664 8 B 214 243
1665 45 B 59 75
1666 59 C 469 507
1667 19 B 786 804
1668 32 D 850 878
1669 71 E 196 242
1670 3 E 258 263
1671 58 E 661 721
1672 74 C 272 279
1673 44 D 949 974
1674 57 A 429 485
1675 42 D 989 994
1676 5 D 889 900
1677 75 B 491 517
1678 33 E 723 781
1679 31 C 309 321
1680 10 B 480 487
1681 34 D 890 910
1682 36 A 775 812
1683 9 E 284 339
1684 6 A 488 543
1685 38 C 186 223
1686 10 B 789 823
1687 72 B 303 361
1688 50 E 603 606
1689 15 C 703 706
1690 78 B 198 220
1691 38 D 753 784
1692 50 C 132 168
1693 51 E 178 197
1694 78 D 18 72
1695 39 C 152 169
1696 32 D 289 320
1697 14 C 9 45
1698 20 D 519 568
1699 53 E 47 58
1700 8 D 816 840
1701 34 E 869 881
1702 36 C 979 1030
1703 80 B 425 457
1704 17 C 482 486
1705 19 C 701 748
1706 79 A 286 290
1707 43 C 308 327
1708 38 C 804 843
1709 79 C 628 640
1710 25 A 486 527
1711 22 C 334 354
1712 21 B 372 424
1713 67 D 572 576
1714 6 E 464 486
1715 51 A 482 530
1716 40 E 220 267
1717 66 E 865 889
1718 56 D 98 110
1719 70 C 695 749
1720 37 A 663 697
1721 54 C 149 209
1722 46 B 233 286
1723 19 B 181 231
1724 22 E 958 1012
1725 20 B 24 43
1726 2 E 502 538
1727 34 E 474 500
1728 22 E 347 371
1729 13 E 244 297
1730 58 E 308 354
1731 77 D 612 668
1732 67 A 937 951
1733 53 C 381 389
1734 29 D 590 648
1735 30 D 978 1011
1736 72 B 695 708
1737 71 E 886 910
1738 5 E 270 287
1739 13 D 347 368
1740 75 C 774 802
1741 27 D 191 218
1742 15 D 293 349
1743 63 C 535 557
1744 20 B 47 91
1745 31 C 346 356
1746 3 D 869 927
1747 21 D 18 52
1748 29 E 306 318
1749 15 D 288 308
1750 74 D 197 242
1751 36 A 602 645
1752 54 D 85 118
1753 13 C 173 232
1754 15 E 705 732
1755 13 D 87 122
1756 40 B 764 813
1757 23 E 481 506
1758 15 D 397 412
1759 27 E 842 854
1760 26 A 681 737
1761 46 C 628 685
1762 25 B 611 620
1763 64 C 837 873
1764 21 A 588 635
1765 75 D 547 592
1766 46 B 390 435
1767 17 D 33 41
1768 25 C 990 994
1769 42 E 342 351
1770 36 D 39 90
1771 7 A 322 325
1772 56 C 131 147
1773 19 E 740 777
1774 41 A 744 750
1775 40 A 44 86
1776 47 C 705 727
1777 11 D 553 598
1778 19 E 48 83
1779 45 E 192 250
1780 45 B 655 695
1781 26 C 584 608
1782 41 E 175 184
1783 8 C 163 173
1784 33 B 84 132
1785 62 B 273 309
1786 78 B 302 329
1787 40 C 519 553
1788 45 E 472 521
1789 57 E 686 718
1790 77 E 610 627
1791 5 E 640 646
1792 73 B 875 910
1793 1 A 650 669
1794 4 A 280 335
1795 39 D 863 895
1796 65 E 422 428
1797 27 C 623 642
1798 23 E 382 439
1799 30 E 178 226
1800 64 D 753 761
1801 54 C 207 253
1802 63 C 853 903
1803 9 E 568 585
1804 5 B 224 238
1805 15 E 779 805
1806 15 E 51 92
1807 29 E 651 674
1808 5 D 705 743
1809 16 B 430 447
1810 73 E 788 840
1811 34 E 42 67
1812 33 B 463 493
1813 4 A 190 215
1814 31 E 170 209
1815 45 B 243 279
1816 74 A 11 35
1817 80 B 924 944
1818 54 C 532 548
1819 69 A 499 510
1820 36 B 477 514
1821 24 B 608 662
1822 21 A 883 891
1823 17 D 111 163
1824 52 C 878 925
1825 52 C 545 567
1826 54 B 791 803
1827 28 E 544 577
1828 32 A 633 661
1829 75 D 709 761
1830 77 A 980 1008
1831 53 D 237 253
1832 38 A 640 651
1833 8 E 765 773
1834 48 E 371 376
1835 62 E 100 153
1836 19 E 157 183
1837 8 B 238 268
1838 44 B 900 938
1839 27 C 860 868
1840 29 C 973 1007
1841 75 D 977 986
1842 17 A 172 174
1843 21 E 861 873
1844 12 B 756 798
1845 10 B 497 547
1846 61 D 433 461
1847 65 E 980 993
1848 15 D 600 616
1849 63 D 415 419
1850 17 C 225 249
1851 42 C 226 236
1852 61 E 88 90
1853 33 B 790 847
1854 54 C 190 198
1855 67 C 827 830
1856 55 A 899 951
1857 39 C 871 921
1858 27 B 813 868
1859 38 B 569 624
1860 25 C 131 184
1861 24 B 129 161
1862 59 A 258 270
1863 38 C 323 354
1864 5 C 686 734
1865 71 D 981 993
1866 50 E 621 668
1867 29 A 932 983
1868 31 C 276 320
1869 15 C 307 332
1870 43 C 582 630
1871 54 A 895 916
1872 79 C 717 759
1873 9 A 402 447
1874 34 B 724 738
1875 71 D 997 1032
1876 39 D 177 206
1877 71 E 489 508
1878 51 B 150 167
1879 4 C 543 568
1880 17 A 890 913
1881 18 D 534 594
1882 52 D 92 117
1883 28 E 251 303
1884 40 B 333 393
1885 78 E 666 685
1886 36 C 906 928
1887 33 E 49 82
1888 48 B 825 871
1889 27 C 384 423
1890 54 B 516 518
1891 80 C 827 862
1892 64 A 6 19
1893 22 E 645 666
1894 38 A 375 420
1895 75 D 617 658
1896 3 E 162 198
1897 59 A 971 981
1898 36 D 628 657
1899 8 C 972 974
1900 34 B 772 825
1901 1 B 524 543
1902 56 D 746 753
1903 12 B 881 922
1904 44 E 818 838
1905 58 C 7 60
1906 80 C 454 470
1907 54 D 273 289
1908 31 E 160 210
1909 33 E 156 171
1910 31 A 557 581
1911 51 E 95 108
1912 17 C 395 400
1913 29 D 684 719
1914 3 C 47 80
1915 6 C 48 69
1916 38 C 985 1021
1917 40 C 587 644
1918 60 D 952 963
1919 33 E 200 260
1920 28 D 675 677
1921 55 C 460 496
1922 60 E 73 126
1923 29 B 59 63
1924 39 E 614 643
1925 65 C 16 64
1926 75 B 108 129
1927 36 B 231 262
1928 27 B 669 691
1929 22 B 783 817
1930 63 B 866 873
1931 35 A 171 191
1932 2 E 946 950
1933 58 A 913 943
1934 59 C 152 173
1935 70 D 392 432
1936 24 B 865 914
1937 47 B 308 341
1938 66 B 267 324
1939 42 A 74 76
1940 65 B 40 49
1941 33 A 632 682
1942 31 A 420 433
1943 23 B 323 346
1944 75 A 632 662
1945 26 E 380 397
1946 55 C 779 806
1947 23 E 239 290
1948 23 B 513 538
1949 71 D 263 291
1950 43 C 954 972
1951 40 A 439 466
1952 15 A 592 627
1953 30 D 884 918
1954 74 D 394 434
1955 20 C 967 970
1956 80 D 895 914
1957 33 B 929 963
1958 6 A 886 888
1959 27 B 350 377
1960 4 B 353 407
1961 30 D 166 177
1962 23 A 230 273
1963 32 D 336 338
1964 66 A 251 308
1965 31 A 677 713
1966 9 D 455 458
1967 47 C 552 571
1968 26 D 622 624
1969 2 A 134 138
1970 18 C 114 120
1971 38 D 759 766
1972 65 E 654 695
1973 31 B 787 838
1974 43 D 929 971
1975 5 E 793 817
1976 53 B 206 266
1977 25 E 696 710
1978 33 B 63 117
1979 57 D 689 715
1980 46 C 518 545
1981 4 B 704 728
1982 13 C 753 795
1983 56 E 803 834
1984 4 D 979 988
1985 11 D 832 873
1986 33 D 649 676
1987 24 E 739 756
1988 14 C 626 673
1989 37 B 73 122
1990 22 B 67 126
1991 34 C 725 736
1992 41 D 187 235
1993 67 A 268 323
1994 68 A 53 62
1995 48 E 624 663
1996 10 D 354 370
1997 16 B 411 469
1998 57 A 751 778
1999 60 B 53 70
2000 52 D 822 872
2001 21 A 692 741
2002 70 D 376 380
2003 24 B 508 516
2004 34 C 926 937
2005 20 E 520 551
2006 9 E 550 572
2007 30 B 682 700
2008 44 B 698 752
2009 33 E 932 949
2010 14 D 657 706
2011 32 B 830 889
2012 23 A 357 403
2013 33 A 916 959
2014 25 E 39 68
2015 31 E 494 536
2016 27 E 422 473
2017 23 C 80 113
2018 80 B 429 461
2019 67 C 820 855
2020 34 A 692 733
2021 14 A 743 745
2022 53 A 490 502
2023 24 E 575 611
2024 70 B 652 702
2025 52 C 904 922
2026 15 A 571 588
2027 80 B 41 48
2028 10 C 967 981
2029 57 D 951 1005
2030 79 E 975 1022
2031 77 D 990 1028
2032 74 C 459 474
2033 58 A 378 423
2034 64 D 642 694
2035 27 C 727 781
2036 61 E 891 932
2037 4 B 196 242
2038 35 A 141 153
2039 67 C 724 750
2040 23 C 51 79
2041 33 E 165 220
2042 9 A 262 292
2043 66 C 338 368
2044 42 E 529 566
2045 32 C 516 551
2046 31 D 731 733
2047 53 C 441 488
2048 17 C 690 749
2049 58 B 640 685
2050 60 E 101 125
2051 56 E 334 388
2052 42 D 602 645
2053 5 D 391 400
2054 16 E 611 642
2055 75 D 994 996
2056 48 B 207 238
2057 74 B 739 768
2058 8 A 981 991
2059 1 E 724 728
2060 2 D 524 555
2061 44 D 188 244
2062 9 A 44 94
2063 76 B 354 365
2064 60 B 555 595
2065 3 C 269 293
2066 53 C 871 893
2067 44 C 1000 1026
2068 7 D 609 634
2069 34 B 382 415
2070 74 E 890 895
2071 24 A 65 103
2072 70 E 715 718
2073 44 B 420 430
2074 53 D 655 699
2075 5 A 457 471
2076 77 E 977 1027
2077 72 B 874 890
2078 70 C 85 143
2079 73 C 321 329
2080 16 C 610 629
2081 80 B 451 504
2082 71 C 261 313
2083 75 A 545 605
2084 34 B 47 88
2085 55 D 107 167
2086 21 B 865 903
2087 76 A 905 952
2088 66 B 562 609
2089 28 D 920 955
2090 8 D 857 911
2091 77 C 63 100
2092 17 B 824 879
2093 41 C 446 462
2094 13 D 428 446
2095 49 E 633 646
2096 62 E 111 130
2097 33 E 453 501
2098 37 B 137 141
2099 51 A 935 994
2100 2 E 147 187
2101 18 E 799 830
2102 71 C 378 422
2103 18 D 624 631
2104 56 E 460 504
2105 26 C 851 879
2106 46 E 609 613
2107 73 B 368 399
2108 46 E 380 397
2109 70 C 956 998
2110 71 A 723 758
2111 66 C 316 356
2112 4 D 243 301
2113 22 E 188 241
2114 10 E 890 892
2115 55 B 235 268
2116 55 B 253 284
2117 65 A 572 584
2118 79 B 591 635
2119 34 C 455 487
2120 67 A 900 912
2121 71 A 718 754
2122 9 D 28 87
2123 39 E 553 573
2124 12 E 862 907
2125 28 D 699 727
2126 26 E 449 502
2127 37 E 238 262
2128 38 A 505 561
2129 11 B 508 539
2130 51 E 499 536
2131 72 A 334 390
2132 15 A 806 864
2133 33 A 923 972
2134 26 B 295 340
2135 11 E 201 237
2136 15 A 397 440
2137 38 C 88 110
2138 79 D 298 330
2139 31 D 992 1043
2140 51 B 70 103
2141 4 D 580 619
2142 43 E 628 669
2143 6 B 65 119
2144 46 A 309 368
2145 40 B 77 123
2146 72 D 444 466
2147 51 A 578 597
2148 29 A 86 113
2149 63 B 703 752
2150 13 D 381 399
2151 51 D 307 353
2152 37 D 442 469
2153 9 C 668 694
2154 65 B 269 323
2155 41 C 968 1005
2156 34 B 650 695
2157 38 D 49 67
2158 67 B 188 199
2159 8 A 912 955
2160 49 C 486 535
2161 46 E 709 764
2162 21 D 798 848
2163 3 E 595 598
2164 21 B 141 195
2165 48 D 1000 1034
2166 25 A 472 475
2167 59 C 13 59
2168 3 C 389 392
2169 44 A 919 924
2170 53 A 451 467
2171 20 D 937 964
2172 44 A 962 1003
2173 69 C 918 928
2174 45 E 110 126
2175 45 C 82 106
2176 19 C 479 532
2177 43 B 192 220
2178 10 B 364 381
2179 46 C 636 647
2180 73 B 507 557
2181 12 B 500 552
2182 37 D 101 140
2183 62 A 896 946
2184 43 C 433 488
2185 63 D 295 331
2186 25 D 165 177
2187 53 B 126 166
2188 32 E 306 343
2189 58 A 59 115
2190 7 D 278 311
2191 11 D 61 96
2192 66 D 271 302
2193 53 D 583 591
2194 44 D 415 423
2195 44 B 203 205
2196 63 C 877 884
2197 70 C 616 666
2198 30 D 631 637
2199 23 A 643 673
2200 21 D 832 870
2201 6 E 935 987
2202 45 B 107 163
2203 64 D 13 71
2204 53 A 713 738
2205 78 E 894 922
2206 45 B 920 928
2207 73 A 182 206
2208 32 C 38 44
2209 16 A 646 663
2210 64 C 587 640
2211 11 C 854 883
2212 14 D 858 877
2213 67 B 282 306
2214 28 E 77 119
2215 45 A 588 593
2216 1 D 198 233
2217 76 D 785 806
2218 53 A 576 602
2219 53 B 334 336
2220 31 B 919 935
2221 15 B 469 492
2222 10 E 564 611
2223 71 B 694 746
2224 34 A 230 249
2225 57 B 255 293
2226 49 E 604 618
2227 76 C 410 467
2228 42 B 692 740
2229 11 A 104 157
2230 42 A 489 535
2231 70 B 119 172
2232 48 E 302 331
2233 68 B 489 494
2234 62 C 967 989
2235 70 A 115 124
2236 24 B 869 877
2237 37 E 500 536
2238 44 B 767 812
2239 28 A 326 382
2240 74 B 999 1009
2241 49 B 417 436
2242 10 C 44 50
2243 10 B 236 295
2244 71 D 611 613
2245 33 A 398 444
2246 44 A 791 806
2247 66 A 326 348
2248 63 C 190 221
2249 40 A 517 556
2250 42 A 714 766
2251 66 A 84 94
2252 41 A 324 378
2253 62 D 565 623
2254 77 E 257 306
2255 23 E 47 71
2256 10 A 275 311
2257 6 B 184 194
2258 36 D 470 474
2259 11 E 750 783
2260 53 B 75 94
2261 20 A 43 101
2262 35 A 726 758
2263 70 D 589 622
2264 44 C 82 110
2265 79 C 863 866
2266 15 D 755 807
2267 28 B 346 370
2268 31 C 37 78
2269 67 D 648 684
2270 63 C 532 558
2271 20 E 152 200
2272 52 A 404 452
2273 37 C 365 369
2274 17 C 90 114
2275 39 E 50 103
2276 26 E 830 886
2277 56 E 284 292
2278 8 E 536 539
2279 65 C 969 1026
2280 55 D 689 746
2281 3 D 654 687
2282 23 C 89 110
2283 76 A 555 608
2284 53 D 201 242
2285 46 C 853 861
2286 53 D 196 223
2287 65 A 918 935
2288 77 A 426 475
2289 70 B 728 741
2290 35 E 904 941
2291 29 D 879 886
2292 29 D 505 549
2293 11 A 234 243
2294 5 B 4 59
2295 10 B 105 135
2296 23 C 909 921
2297 80 E 411 422
2298 34 B 501 516
2299 8 B 117 171
2300 3 B 830 855
2301 55 C 365 393
2302 37 C 396 431
2303 56 D 608 626
2304 60 A 152 181
2305 45 E 661 696
2306 67 E 219 245
2307 11 C 513 555
2308 29 D 440 484
2309 67 C 911 947
2310 58 B 465 480
2311 68 C 655 697
2312 40 C 21 42
2313 51 C 108 143
2314 16 C 427 434
2315 11 B 488 522
2316 38 C 4 20
2317 41 A 570 582
2318 22 B 789 844
2319 16 B 200 245
2320 80 D 942 977
2321 29 A 894 906
2322 9 D 426 475
2323 72 C 891 897
2324 54 D 702 723
2325 34 E 676 706
2326 57 E 324 356
2327 16 B 622 660
2328 76 C 790 820
2329 72 A 796 833
2330 76 D 697 757
2331 16 C 630 670
2332 45 A 55 82
2333 2 D 161 175
2334 70 D 970 1010
2335 30 D 657 682
2336 12 A 405 453
2337 46 D 424 445
2338 28 E 268 271
2339 34 C 205 250
2340 61 C 790 826
2341 73 A 995 1039
2342 59 A 672 698
2343 78 C 134 148
2344 53 B 761 766
2345 80 B 407 461
2346 40 C 149 172
2347 72 E 120 160
2348 63 C 47 86
2349 32 A 550 574
2350 72 C 348 363
2351 8 D 352 368
2352 7 E 550 567
2353 55 A 461 479
2354 30 A 827 858
2355 74 D 218 232
2356 21 C 395 417
2357 39 B 321 324
2358 43 C 2 9
2359 78 D 65 99
2360 16 D 691 721
2361 24 A 82 141
2362 33 D 82 84
2363 43 D 318 377
2364 79 A 406 447
2365 79 B 893 928
2366 34 D 544 564
2367 23 B 440 456
2368 13 B 242 250
2369 38 B 895 953
2370 43 A 547 564
2371 32 A 118 164
2372 6 A 631 689
2373 67 D 505 515
2374 18 D 57 64
2375 56 B 581 609
2376 70 A 340 343
2377 59 A 186 192
2378 29 A 556 605
2379 59 C 794 832
2380 55 C 846 864
2381 3 A 975 985
2382 33 C 10 52
2383 54 E 457 465
2384 52 C 570 625
2385 80 A 276 299
2386 10 A 804 831
2387 41 E 110 119
2388 39 D 1 50
2389 13 B 43 95
2390 58 A 784 813
2391 52 E 802 861
2392 7 E 106 129
2393 38 C 613 635
2394 54 C 77 115
2395 30 D 989 1027
2396 72 B 722 736
2397 11 A 182 224
2398 73 C 457 496
2399 54 D 62 122
2400 34 E 206 234
2401 54 D 454 494
2402 74 C 413 450
2403 51 E 844 883
2404 1 A 376 382
2405 27 E 189 195
2406 15 D 994 1028
2407 63 B 741 769
2408 59 C 845 874
2409 37 C 326 353
2410 46 A 517 529
2411 69 D 371 383
2412 35 E 31 38
2413 63 B 490 548
2414 63 B 506 540
2415 54 D 699 716
2416 17 A 17 39
2417 6 B 526 565
2418 27 E 269 296
2419 26 B 834 869
2420 36 E 703 733
2421 23 C 751 811
2422 26 B 146 191
2423 6 C 73 124
2424 5 A 864 923
2425 60 A 624 682
2426 56 B 860 904
2427 36 C 271 306
2428 19 C 563 578
2429 79 E 242 254
2430 60 E 5 52
2431 28 D 777 828
2432 51 C 432 458
2433 47 E 367 422
2434 41 B 534 556
2435 77 E 722 758
2436 26 A 411 455
2437 42 A 303 336
2438 57 D 755 809
2439 18 E 955 958
2440 56 E 728 747
2441 19 E 120 153
2442 17 D 930 941
2443 50 E 13 51
2444 10 E 156 182
2445 37 D 645 658
2446 67 D 150 182
2447 8 D 218 235
2448 5 E 815 844
2449 54 B 484 501
2450 29 B 716 736
2451 3 E 32 34
2452 49 C 243 263
2453 23 A 748 758
2454 71 A 670 679
2455 10 D 979 1026
2456 49 C 307 326
2457 39 D 246 250
2458 62 B 980 1034
2459 8 A 955 1002
2460 12 E 304 309
2461 36 E 585 626
2462 45 A 292 320
2463 55 C 673 697
2464 1 E 605 647
2465 1 C 71 126
2466 6 B 385 426
2467 17 C 348 374
2468 43 A 638 640
2469 46 E 846 858
2470 56 B 684 732
2471 32 C 597 603
2472 41 C 553 575
2473 42 C 815 841
2474 69 D 41 46
2475 60 A 886 901
2476 75 A 240 245
2477 53 C 662 713
2478 43 D 947 969
2479 33 C 377 409
2480 8 A 504 561
2481 8 C 583 611
2482 67 E 548 558
2483 25 C 856 858
2484 14 C 480 531
2485 8 E 25 79
2486 38 D 563 588
2487 70 C 465 492
2488 66 A 535 589
2489 4 D 530 588
2490 16 C 22 37
2491 40 C 297 316
2492 57 B 783 843
2493 71 B 696 743
2494 61 C 542 556
2495 59 B 550 584
2496 61 C 924 952
2497 35 A 428 430
2498 73 D 27 77
2499 23 C 1000 1022
2500 14 D 332 366
2501 24 C 365 425
2502 54 A 880 935
2503 46 A 597 636
2504 35 A 752 783
2505 46 B 254 292
2506 1 A 11 32
2507 48 A 153 200
2508 2 E 860 873
2509 49 B 333 359
2510 61 E 294 307
2511 65 D 785 787
2512 70 C 397 412
2513 36 D 309 312
2514 48 C 640 647
2515 61 A 989 993
2516 43 D 858 879
2517 71 B 97 150
2518 54 E 759 806
2519 44 D 788 812
2520 49 D 750 760
2521 2 C 350 392
2522 74 A 486 517
2523 22 A 4 6
2524 37 B 115 123
2525 41 A 781 813
2526 7 A 600 654
2527 16 B 872 888
2528 80 D 279 313
2529 27 C 887 932
2530 20 B 605 660
2531 47 E 171 205
2532 44 A 45 64
2533 63 D 386 389
2534 25 A 620 639
2535 79 C 344 397
2536 11 B 375 380
2537 63 B 834 849
2538 13 C 460 519
2539 67 D 100 139
2540 78 B 904 939
2541 13 A 276 285
2542 54 E 603 650
2543 25 C 233 236
2544 39 B 64 74
2545 24 B 576 622
2546 72 D 299 337
2547 78 C 631 660
2548 1 D 910 940
2549 3 B 32 85
2550 79 E 535 584
2551 59 A 496 551
2552 33 B 180 185
2553 16 C 30 71
2554 62 A 27 63
2555 48 E 648 690
2556 31 A 256 258
2557 56 A 459 515
2558 1 A 558 584
2559 74 A 452 476
2560 36 D 657 703
2561 3 E 467 485
2562 37 C 166 213
2563 14 C 340 379
2564 32 A 142 197
2565 13 D 174 186
2566 27 A 170 202
2567 55 B 970 1017
2568 36 E 447 460
2569 24 D 255 264
2570 26 B 52 64
2571 35 C 714 749
2572 9 B 677 687
2573 45 E 374 377
2574 24 E 70 121
2575 8 D 964 1021
2576 33 A 385 442
2577 25 A 152 185
2578 75 C 94 104
2579 18 E 361 404
2580 48 A 335 372
2581 49 E 226 268
2582 59 D 869 898
2583 6 E 198 212
2584 78 A 425 483
2585 49 E 364 379
2586 46 B 402 411
2587 23 E 114 136
2588 46 A 491 541
2589 75 B 714 773
2590 23 E 16 67
2591 59 B 541 558
2592 9 C 426 468
2593 72 A 69 105
2594 59 B 842 853
2595 55 A 104 123
2596 20 C 752 774
2597 39 C 83 110
2598 4 C 204 217
2599 9 B 447 496
2600 13 D 1 4
2601 24 E 422 473
2602 10 D 283 297
2603 25 A 467 505
2604 23 B 464 505
2605 35 A 909 914
2606 56 B 3 52
2607 14 C 248 271
2608 65 B 85 112
2609 9 A 393 449
2610 75 D 40 47
2611 78 B 927 974
2612 36 C 366 369
2613 14 E 937 994
2614 42 B 717 739
2615 8 C 415 427
2616 17 B 26 74
2617 72 A 458 465
2618 54 B 564 575
2619 12 E 398 408
2620 65 A 95 137
2621 68 E 642 658
2622 4 C 269 286
2623 2 A 812 849
2624 51 A 166 213
2625 80 D 663 702
2626 58 B 895 897
2627 9 C 507 525
2628 51 B 487 518
2629 41 E 174 218
2630 42 E 587 602
2631 49 C 700 757
2632 13 B 178 220
2633 4 B 686 728
2634 34 B 423 434
2635 54 A 548 586
2636 6 A 525 528
2637 4 C 156 200
2638 42 C 701 708
2639 44 B 318 321
2640 78 B 936 991
2641 18 E 595 617
2642 41 D 578 598
2643 72 A 204 250
2644 47 A 371 402
2645 79 C 272 317
2646 49 E 960 991
2647 69 C 953 989
2648 54 B 929 937
2649 49 B 251 278
2650 16 D 793 805
2651 45 A 8 26
2652 22 C 899 944
2653 65 A 309 341
2654 65 A 436 496
2655 58 C 206 229
2656 79 A 375 427
2657 65 A 557 592
2658 20 E 12 60
2659 66 E 683 714
2660 13 D 15 18
2661 44 C 624 674
2662 61 B 452 493
2663 13 E 826 873
2664 19 B 842 880
2665 40 D 396 455
2666 51 E 439 442
2667 54 A 52 68
2668 16 D 131 152
2669 5 D 974 1018
2670 29 E 379 383
2671 51 C 880 886
2672 34 C 86 131
2673 42 A 620 647
2674 78 A 474 533
2675 4 A 656 705
2676 77 E 641 650
2677 12 A 991 1013
2678 79 D 564 578
2679 22 E 645 662
2680 33 C 230 257
2681 53 A 29 50
2682 13 E 95 108
2683 55 E 613 672
2684 50 C 279 324
2685 7 D 607 620
2686 76 E 259 318
2687 21 D 595 651
2688 71 A 901 950
2689 16 C 764 801
2690 29 E 531 539
2691 33 B 726 743
2692 38 E 471 519
2693 40 A 732 739
2694 6 B 494 528
2695 33 B 528 560
2696 18 C 608 666
2697 32 D 205 238
2698 32 D 153 209
2699 69 C 362 376
2700 7 E 767 787
2701 71 B 844 901
2702 59 D 961 988
2703 43 E 390 407
2704 47 E 298 334
2705 33 A 728 764
2706 57 A 457 473
2707 21 E 157 178
2708 66 A 845 852
2709 78 D 377 422
2710 64 B 991 1022
2711 17 D 75 105
2712 30 E 752 766
2713 3 E 171 176
2714 69 E 215 241
2715 37 D 591 607
2716 14 D 516 549
2717 48 E 746 777
2718 3 A 273 275
2719 7 D 715 736
2720 28 A 899 949
2721 29 C 214 267
2722 74 E 504 543
2723 4 B 87 131
2724 76 E 266 316
2725 71 B 52 63
2726 42 A 803 823
2727 46 B 777 829
2728 59 B 248 253
2729 30 E 219 250
2730 27 D 464 509
2731 6 A 407 449
2732 52 E 847 902
2733 41 C 538 545
2734 11 C 588 629
2735 21 D 224 270
2736 29 C 374 412
2737 62 B 498 539
2738 42 B 351 409
2739 74 B 793 799
2740 29 B 94 115
2741 13 E 624 636
2742 25 A 717 735
2743 37 D 639 652
2744 27 A 157 173
2745 74 E 979 985
2746 36 B 664 675
2747 40 E 18 28
2748 3 C 659 684
2749 12 D 864 866
2750 29 E 217 270
2751 26 C 14 63
2752 6 C 765 775
2753 56 A 315 327
2754 28 C 450 506
2755 51 A 779 815
2756 25 B 239 249
2757 14 B 181 221
2758 18 B 436 452
2759 57 C 924 984
2760 66 D 971 1018
2761 18 A 207 249
2762 14 C 270 327
2763 13 B 965 1015
2764 61 E 334 351
2765 23 C 205 260
2766 70 B 20 37
2767 62 E 174 212
2768 32 D 542 544
2769 55 D 109 155
2770 25 E 610 624
2771 72 D 659 697
2772 46 D 812 840
2773 63 E 619 648
2774 12 A 954 960
2775 70 E 573 585
2776 77 B 109 131
2777 18 B 529 548
2778 64 B 831 850
2779 6 A 58 84
2780 38 C 746 767
2781 66 D 114 150
2782 75 B 227 231
2783 42 C 910 964
2784 17 C 73 133
2785 32 D 350 402
2786 21 B 345 370
2787 19 E 143 178
2788 2 A 479 520
2789 32 C 489 530
2790 64 D 830 845
2791 9 C 605 660
2792 64 B 931 948
2793 68 C 902 940
2794 76 C 203 237
2795 39 C 225 242
2796 30 E 588 641
2797 75 A 388 396
2798 51 C 702 743
2799 73 B 794 800
2800 53 B 818 828
2801 37 C 649 673
2802 67 E 842 867
2803 53 D 511 520
2804 48 A 28 77
2805 57 A 979 988
2806 44 A 754 760
2807 15 B 137 171
2808 27 D 290 305
2809 48 B 223 283
2810 80 B 721 740
2811 47 B 376 430
2812 20 B 942 956
2813 23 A 778 787
2814 41 C 213 237
2815 25 E 94 150
2816 63 D 176 217
2817 43 D 262 269
2818 75 D 359 412
2819 67 A 630 672
2820 31 C 914 938
2821 7 A 348 395
2822 21 E 300 326
2823 10 B 461 479
2824 4 E 451 460
2825 28 B 988 998
2826 78 D 593 601
2827 21 B 494 551
2828 41 D 218 227
2829 41 A 805 847
2830 31 C 344 401
2831 77 D 279 336
2832 74 E 47 67
2833 9 D 140 168
2834 51 B 608 664
2835 26 C 469 507
2836 40 A 821 851
2837 55 A 614 623
2838 71 B 364 407
2839 8 B 971 1025
2840 77 D 564 568
2841 42 A 541 545
2842 7 C 543 567
2843 14 D 284 313
2844 75 E 876 912
2845 29 E 224 244
2846 53 D 792 796
2847 78 B 611 615
2848 17 D 321 360
2849 69 D 884 924
2850 37 D 738 786
2851 46 C 32 59
2852 15 C 566 596
2853 35 A 330 348
2854 9 D 397 411
2855 14 C 625 655
2856 68 D 137 187
2857 6 C 792 821
2858 77 E 402 406
2859 60 C 189 197
2860 53 B 364 405
2861 37 B 488 493
2862 50 B 489 494
2863 79 E 681 683
2864 41 C 481 508
2865 78 D 831 889
2866 4 B 957 1016
2867 79 B 2 46
2868 40 A 542 585
2869 71 E 285 342
2870 49 A 211 220
2871 70 E 122 143
2872 43 D 915 919
2873 63 E 672 691
2874 53 E 630 676
2875 70 B 573 615
2876 75 A 720 777
2877 45 D 309 355
2878 45 B 996 999
2879 13 C 819 850
2880 7 A 523 555
2881 32 C 99 131
2882 40 A 452 480
2883 15 B 847 867
2884 73 D 611 626
2885 59 D 24 79
2886 77 D 622 678
2887 12 A 309 352
2888 66 D 463 489
2889 23 C 567 586
2890 40 A 989 1015
2891 5 E 752 803
2892 35 A 317 337
2893 40 D 911 959
2894 20 D 482 491
2895 61 C 591 600
2896 25 A 955 979
2897 74 A 742 776
2898 73 C 770 784
2899 70 B 517 563
2900 59 D 679 711
2901 65 B 284 341
2902 57 B 233 265
2903 14 C 28 84
2904 51 A 288 343
2905 12 E 246 273
2906 1 A 209 224
2907 25 B 383 393
2908 60 B 227 273
2909 14 B 510 535
2910 46 A 46 93
2911 40 C 883 906
2912 40 D 546 566
2913 48 D 456 469
2914 27 A 211 219
2915 47 D 494 519
2916 31 B 899 939
2917 19 A 996 1037
2918 30 D 472 521
2919 71 B 777 826
2920 72 D 721 746
2921 70 C 265 277
2922 71 A 482 487
2923 42 B 470 504
2924 60 A 598 619
2925 61 E 309 344
2926 49 A 298 341
2927 52 B 113 116
2928 67 B 541 543
2929 59 A 552 593
2930 27 D 339 389
2931 8 C 542 553
2932 12 E 601 621
2933 78 A 558 578
2934 31 E 10 62
2935 54 C 221 270
2936 20 A 615 629
2937 13 B 733 762
2938 71 A 582 591
2939 16 E 766 788
2940 20 D 502 542
2941 33 C 742 777
2942 60 C 839 885
2943 14 C 118 178
2944 37 B 893 946
2945 11 C 86 96
2946 54 C 519 567
2947 75 A 719 771
2948 66 D 282 302
2949 56 C 497 502
2950 71 B 924 961
2951 65 C 846 906
2952 62 E 194 201
2953 43 B 24 75
2954 68 C 31 53
2955 9 D 639 641
2956 38 C 724 777
2957 46 C 445 462
2958 79 D 858 867
2959 16 A 996 1020
2960 51 C 811 842
2961 80 B 740 753
2962 32 A 541 597
2963 49 E 284 315
2964 61 B 441 497
2965 11 A 281 333
2966 43 E 997 1003
2967 64 A 494 546
2968 17 E 334 371
2969 18 B 54 60
2970 61 B 587 608
2971 70 E 291 350
2972 5 C 270 305
2973 80 E 967 1011
2974 14 D 578 595
2975 15 C 88 142
2976 72 A 447 475
2977 2 A 942 963
2978 54 A 902 955
2979 32 D 884 900
2980 10 D 896 937
2981 68 E 683 709
2982 43 A 173 207
2983 54 A 65 107
2984 69 E 240 256
2985 12 C 277 335
2986 45 E 345 366
2987 74 B 357 407
2988 40 E 972 1002
2989 8 B 553 560
2990 23 D 769 809
2991 3 E 818 820
2992 14 A 331 389
2993 17 C 716 722
2994 52 C 724 783
2995 61 B 657 684
2996 21 D 155 198
2997 19 E 928 942
2998 80 E 243 254
2999 26 B 764 816
3000 29 D 458 504
3001 22 A 48 104
3002 50 A 805 864
3003 74 A 639 655
3004 32 E 377 395
3005 47 C 631 674
3006 35 B 602 638
3007 48 E 461 482
3008 59 A 95 135
3009 53 D 727 781
3010 27 E 41 90
3011 54 D 518 520
3012 62 A 588 641
3013 37 D 222 268
3014 23 A 245 273
3015 4 C 34 66
3016 55 E 751 764
3017 67 A 952 998
3018 13 D 380 417
3019 28 A 385 428
3020 44 B 797 846
3021 61 D 23 46
3022 7 E 308 362
3023 28 C 247 296
3024 74 E 384 443
3025 78 A 219 278
3026 44 E 927 930
3027 63 D 851 882
3028 42 D 681 690
3029 22 D 858 898
3030 60 A 134 158
3031 8 D 919 942
3032 19 C 774 801
3033 61 A 210 265
3034 75 B 944 993
3035 74 C 381 391
3036 72 A 624 680
3037 16 D 495 514
3038 63 B 254 256
3039 22 B 655 667
3040 31 B 986 1031
3041 66 D 93 103
3042 77 E 409 462
3043 20 B 863 922
3044 6 A 127 186
3045 25 B 564 614
3046 44 A 979 1021
3047 32 C 693 718
3048 5 C 412 438
3049 39 B 759 791
3050 54 C 223 261
3051 79 C 782 833
3052 49 C 140 160
3053 24 C 425 483
3054 71 C 189 246
3055 34 E 922 962
3056 66 A 587 591
3057 8 D 589 598
3058 24 C 908 924
3059 30 D 17 50
3060 61 D 492 551
3061 40 C 372 386
3062 75 D 562 601
3063 1 A 289 291
3064 39 D 156 189
3065 1 E 348 384
3066 39 D 687 727
3067 69 C 849 898
3068 74 C 591 649
3069 53 D 744 800
3070 57 C 488 518
3071 34 E 838 876
3072 56 E 520 539
3073 79 C 995 1051
3074 42 E 534 537
3075 48 E 688 708
3076 12 A 247 260
3077 9 B 504 523
3078 54 B 934 963
3079 41 B 948 993
3080 12 B 124 178
3081 9 D 676 703
3082 59 E 194 224
3083 10 A 901 944
3084 38 A 799 817
3085 25 D 514 529
3086 15 A 48 54
3087 35 D 579 614
3088 6 D 930 987
3089 23 B 142 188
3090 26 C 367 415
3091 42 D 978 991
3092 72 A 273 303
3093 5 D 894 913
3094 7 C 276 315
3095 53 A 660 680
3096 52 E 815 856
3097 29 B 468 485
3098 79 B 751 776
3099 66 B 780 824
3100 78 A 813 820
3101 9 A 170 185
3102 38 A 779 786
3103 78 C 319 368
3104 80 E 328 378
3105 64 E 922 937
3106 50 E 161 196
3107 7 A 454 499
3108 80 C 599 610
3109 77 B 913 929
3110 51 D 256 272
3111 79 D 918 974
3112 78 A 863 903
3113 54 A 330 345
3114 77 E 18 33
3115 46 C 476 508
3116 22 E 855 912
3117 66 D 325 340
3118 27 B 317 376
3119 80 E 901 935
3120 35 C 64 112
3121 3 D 31 68
3122 8 E 497 503
3123 49 E 216 248
3124 30 E 254 306
3125 17 E 113 147
3126 46 B 194 249
3127 42 D 287 309
3128 78 D 26 83
3129 27 C 530 540
3130 9 D 109 132
3131 9 C 480 518
3132 25 B 416 463
3133 76 C 180 185
3134 1 D 252 302
3135 24 A 671 727
3136 36 B 114 127
3137 12 D 410 467
3138 21 C 780 797
3139 33 E 619 633
3140 10 A 785 824
3141 18 A 302 354
3142 6 D 763 796
3143 58 B 513 563
3144 31 E 241 255
3145 71 D 59 114
3146 27 A 231 287
3147 48 A 393 395
3148 78 B 446 494
3149 2 D 997 1051
3150 57 E 20 73
3151 47 C 697 757
3152 37 E 193 195
3153 48 A 511 552
3154 3 D 176 197
3155 18 B 110 135
3156 37 D 130 177
3157 70 C 948 971
3158 59 D 527 534
3159 1 B 908 946
3160 68 B 273 289
3161 63 C 396 430
3162 28 B 137 160
3163 3 B 333 389
3164 10 B 816 860
3165 75 B 461 517
3166 55 D 805 840
3167 18 E 497 549
3168 29 B 835 840
3169 78 A 158 167
3170 60 B 20 55
3171 44 E 886 898
3172 47 B 52 104
3173 52 E 647 682
3174 30 C 674 691
3175 11 A 854 909
3176 38 B 205 209
3177 38 E 520 530
3178 56 B 466 499
3179 68 E 192 252
3180 68 B 195 201
3181 33 C 825 879
3182 25 C 870 926
3183 57 E 686 693
3184 23 C 109 135
3185 48 D 259 300
3186 68 C 180 191
3187 40 A 694 713
3188 16 D 180 228
3189 44 A 169 186
3190 68 E 608 665
3191 36 A 903 913
3192 34 A 656 704
3193 70 C 462 468
3194 79 C 416 420
3195 21 B 682 737
3196 75 E 213 256
3197 38 C 815 845
3198 39 C 115 121
3199 50 B 529 569
3200 33 D 856 880
3201 74 C 461 500
3202 53 D 929 935
3203 5 E 123 164
3204 6 E 923 966
3205 9 D 482 535
3206 43 B 150 161
3207 53 D 800 802
3208 17 E 177 191
3209 20 B 22 69
3210 76 C 183 217
3211 32 B 182 218
3212 34 C 208 222
3213 34 E 363 397
3214 60 B 583 617
3215 18 B 741 782
3216 43 A 412 466
3217 13 D 794 817
3218 78 B 253 262
3219 42 D 669 723
3220 39 E 413 473
3221 77 B 688 728
3222 52 B 289 326
3223 29 C 638 640
3224 74 B 159 212
3225 16 C 659 684
3226 41 D 168 200
3227 40 E 835 887
3228 37 C 663 669
3229 61 C 460 466
3230 16 E 150 205
3231 46 D 395 448
3232 73 E 812 818
3233 15 A 822 875
3234 78 A 160 170
3235 62 D 79 87
3236 21 B 7 10
3237 10 B 768 806
3238 64 E 158 178
3239 73 E 885 915
3240 22 C 285 303
3241 42 E 348 386
3242 64 E 155 211
3243 77 E 947 950
3244 18 C 740 800
3245 62 A 528 573
3246 16 C 324 329
3247 26 A 548 582
3248 48 A 839 879
3249 32 B 503 557
3250 69 E 60 112
3251 66 D 1 21
3252 58 C 394 410
3253 66 D 496 543
3254 27 C 945 948
3255 19 D 562 620
3256 44 E 577 630
3257 6 B 571 580
3258 67 C 790 799
3259 26 A 494 506
3260 52 A 387 399
3261 52 B 968 996
3262 2 D 795 817
3263 76 C 224 247
3264 72 E 623 639
3265 24 E 26 55
3266 49 B 275 330
3267 47 D 110 123
3268 47 B 187 195
3269 51 E 975 1006
3270 32 D 503 553
3271 66 C 546 605
3272 65 D 657 717
3273 23 E 150 198
3274 28 C 858 862
3275 20 E 927 982
3276 25 E 730 764
3277 50 D 114 173
3278 46 A 227 279
3279 12 D 46 73
3280 18 D 948 951
3281 43 A 418 432
3282 41 C 505 556
3283 39 A 174 211
3284 18 C 868 912
3285 73 C 238 264
3286 29 A 7 23
3287 28 D 900 922
3288 73 D 308 362
3289 17 D 470 508
3290 44 A 433 447
3291 59 A 300 316
3292 67 D 101 108
3293 47 D 265 314
3294 1 D 154 162
3295 9 B 196 256
3296 41 E 379 400
3297 62 E 899 907
3298 44 C 853 855
3299 43 D 852 870
3300 47 C 268 283
3301 28 A 651 687
3302 9 A 279 319
3303 78 C 806 845
3304 40 C 323 350
3305 29 B 233 259
3306 61 D 666 674
3307 46 B 337 371
3308 67 D 118 153
3309 76 E 998 1053
3310 53 C 783 818
3311 1 D 99 154
3312 18 D 252 302
3313 40 A 783 792
3314 35 E 796 819
3315 60 D 604 642
3316 21 B 852 858
3317 22 A 230 289
3318 72 E 715 738
3319 48 C 251 306
3320 1 C 552 564
3321 24 E 922 982
3322 64 B 141 149
3323 39 E 949 979
3324 6 A 767 811
3325 40 D 875 913
3326 13 E 160 218
3327 8 E 54 111
3328 46 D 433 457
3329 54 A 930 985
3330 38 D 32 70
3331 39 A 450 490
3332 44 C 388 432
3333 40 C 657 694
3334 34 C 599 633
3335 45 A 805 858
3336 67 E 979 1036
3337 32 E 324 334
3338 74 A 659 695
3339 80 B 425 468
3340 63 C 350 386
3341 7 C 361 402
3342 16 B 423 466
3343 49 D 154 203
3344 22 B 561 563
3345 36 B 224 235
3346 59 A 237 274
3347 49 A 531 546
3348 77 A 235 254
3349 25 E 577 635
3350 13 E 689 692
3351 9 D 35 85
3352 23 D 340 368
3353 3 B 437 459
3354 21 D 915 965
3355 17 C 70 108
3356 68 B 56 103
3357 4 A 961 1000
3358 32 A 651 707
3359 29 A 6 64
3360 6 D 717 736
3361 16 A 874 879
3362 67 C 921 979
3363 18 E 188 205
3364 72 D 131 133
3365 29 D 454 474
3366 14 B 239 250
3367 56 A 556 602
3368 41 A 419 425
3369 63 B 72 83
3370 77 B 486 509
3371 23 D 371 429
3372 4 A 452 480
3373 78 A 483 541
3374 76 D 57 88
3375 43 C 752 761
3376 12 B 950 988
3377 61 D 692 736
3378 45 D 2 53
3379 57 D 388 395
3380 65 A 370 386
3381 64 A 792 835
3382 19 B 977 1027
3383 39 C 144 159
3384 54 A 474 493
3385 26 B 27 60
3386 31 C 742 771
3387 30 C 959 972
3388 58 A 905 919
3389 1 A 201 251
3390 66 A 74 76
3391 50 D 73 123
3392 25 C 444 483
3393 62 D 8 63
3394 74 E 146 174
3395 48 A 971 976
3396 2 B 335 347
3397 57 A 254 268
3398 79 D 952 994
3399 1 B 230 273
3400 69 B 625 655
3401 29 B 575 617
3402 49 E 439 486
3403 54 A 246 267
3404 46 D 311 337
3405 26 E 743 773
3406 9 C 65 73
3407 10 A 155 164
3408 28 B 67 125
3409 50 C 147 178
3410 13 D 799 803
3411 48 E 270 274
3412 49 D 602 652
3413 44 C 38 58
3414 65 B 401 438
3415 75 C 510 526
3416 10 A 586 616
3417 74 C 647 684
3418 52 A 107 165
3419 79 C 801 810
3420 50 E 678 726
3421 74 E 625 660
3422 32 A 507 555
3423 76 D 240 275
3424 21 E 507 539
3425 12 B 737 786
3426 61 C 841 879
3427 78 C 319 335
3428 75 D 594 604
3429 21 E 768 776
3430 59 A 666 684
3431 42 C 416 440
3432 55 E 724 727
3433 44 D 99 128
3434 40 B 308 328
3435 79 D 46 75
3436 52 B 559 581
3437 50 A 75 128
3438 63 D 154 205
3439 10 A 787 804
3440 36 D 333 336
3441 60 B 400 440
3442 26 A 740 781
3443 17 B 790 804
3444 67 D 946 952
3445 28 C 963 989
3446 8 C 288 329
3447 12 E 485 507
3448 74 C 61 103
3449 64 C 985 1000
3450 60 C 250 308
3451 73 E 987 1040
3452 42 E 294 322
3453 59 B 650 702
3454 30 E 679 714
3455 13 D 275 314
3456 37 B 627 669
3457 59 D 764 812
3458 32 B 335 373
3459 13 D 209 264
3460 77 A 669 708
3461 7 B 887 921
3462 36 B 234 246
3463 59 C 213 257
3464 60 B 269 327
3465 18 C 456 487
3466 7 E 606 661
3467 52 D 763 811
3468 2 D 533 552
3469 47 A 545 602
3470 69 C 966 1018
3471 17 E 765 814
3472 70 D 162 199
3473 3 C 81 132
3474 73 D 77 103
3475 68 D 387 447
3476 59 D 897 914
3477 11 B 651 707
3478 59 D 989 1034
3479 66 A 418 453
3480 48 A 618 675
3481 80 B 31 57
3482 74 D 534 594
3483 63 C 9 37
3484 75 B 844 874
3485 46 C 992 995
3486 79 C 569 585
3487 7 B 37 76
3488 29 D 551 583
3489 3 D 93 145
3490 61 D 145 173
3491 61 D 372 395
3492 19 D 406 422
3493 7 D 196 247
3494 34 B 56 91
3495 79 C 803 845
3496 18 E 539 572
3497 54 C 954 963
3498 45 D 353 413
3499 66 E 271 304
3500 79 C 183 235
3501 65 B 739 787
3502 38 C 709 727
3503 16 A 502 521
3504 24 C 439 494
3505 61 D 211 223
3506 61 D 972 1011
3507 8 C 769 800
3508 62 A 961 1014
3509 11 B 608 660
3510 76 C 457 471
3511 4 C 674 709
3512 7 E 770 774
3513 54 B 391 424
3514 75 A 815 855
3515 50 D 987 1020
3516 64 D 555 604
3517 79 E 187 227
3518 27 C 147 163
3519 9 B 909 957
3520 20 A 411 445
3521 27 B 227 277
3522 26 C 115 120
3523 16 B 884 898
3524 53 A 945 957
3525 25 E 441 493
3526 12 C 711 748
3527 69 A 256 267
3528 19 B 636 653
3529 57 C 599 625
3530 47 B 419 432
3531 73 B 373 410
3532 46 E 928 945
3533 39 D 910 942
3534 54 D 285 313
3535 60 D 402 429
3536 13 E 571 615
3537 69 B 817 858
3538 6 B 392 423
3539 12 D 755 815
3540 73 A 83 112
3541 24 B 227 257
3542 31 E 863 884
3543 36 B 108 142
3544 49 A 603 635
3545 74 C 460 490
3546 56 D 362 409
3547 60 E 917 939
3548 70 E 887 905
3549 28 D 576 628
3550 42 A 722 780
3551 80 A 773 801
3552 50 C 884 913
3553 4 B 624 669
3554 4 E 918 970
3555 54 B 647 675
3556 15 A 245 296
3557 61 A 522 562
3558 42 B 194 244
3559 16 D 816 837
3560 37 B 5 46
3561 79 D 362 381
3562 11 B 145 175
3563 3 B 638 644
3564 45 E 808 867
3565 62 C 106 145
3566 67 A 79 85
3567 56 A 823 847
3568 23 A 801 845
3569 11 A 65 80
3570 53 D 166 222
3571 75 A 108 142
3572 8 B 405 465
3573 40 D 355 393
3574 56 D 445 448
3575 64 E 918 957
3576 13 E 842 872
3577 17 C 89 117
3578 28 D 269 323
3579 49 A 964 966
3580 74 C 718 743
3581 3 E 48 59
3582 23 D 371 422
3583 70 E 417 445
3584 65 E 899 922
3585 50 C 542 574
3586 40 D 710 723
3587 33 C 533 574
3588 78 D 593 643
3589 20 A 350 384
3590 69 A 329 371
3591 50 A 179 196
3592 49 A 709 741
3593 45 A 976 1025
3594 62 B 283 310
3595 40 A 214 254
3596 77 D 410 456
3597 59 B 380 422
3598 15 D 493 523
3599 58 D 118 128
3600 20 D 232 260
3601 16 B 979 1037
3602 42 D 917 955
3603 20 A 739 743
3604 36 E 765 816
3605 76 D 781 825
3606 66 B 112 151
3607 61 C 107 141
3608 9 C 329 380
3609 54 C 598 645
3610 25 B 734 759
3611 9 D 451 509
3612 33 B 699 753
3613 68 E 92 109
3614 47 E 926 972
3615 43 D 462 518
3616 77 E 355 371
3617 50 B 910 926
3618 70 E 13 38
3619 52 B 954 983
3620 71 E 37 64
3621 70 A 182 213
3622 43 C 151 201
3623 45 A 524 548
3624 11 A 33 70
3625 8 B 16 34
3626 39 D 964 1002
3627 46 B 988 1016
3628 31 E 29 80
3629 9 B 488 499
3630 55 D 723 725
3631 65 C 9 33
3632 47 B 780 802
3633 2 C 506 523
3634 4 B 147 182
3635 36 A 62 88
3636 13 A 669 698
3637 41 B 784 795
3638 62 E 663 671
3639 69 A 816 876
3640 66 B 42 60
3641 61 D 469 514
3642 3 D 845 897
3643 26 E 305 315
3644 78 E 954 971
3645 12 B 583 620
3646 61 C 36 80
3647 36 E 698 728
3648 10 E 208 249
3649 27 A 857 874
3650 56 C 800 842
3651 46 C 702 712
3652 23 C 557 605
3653 46 A 43 84
3654 59 E 295 307
3655 7 D 1 58
3656 16 C 811 861
3657 55 A 765 792
3658 4 B 773 780
3659 1 B 317 373
3660 3 A 48 97
3661 5 A 513 531
3662 40 C 583 629
3663 11 C 486 512
3664 71 D 273 333
3665 20 C 121 170
3666 56 E 192 243
3667 56 B 194 249
3668 74 D 769 776
3669 17 D 652 698
3670 77 A 953 966
3671 11 C 184 200
3672 29 A 321 358
3673 71 C 288 333
3674 64 B 611 613
3675 67 A 454 480
3676 9 B 554 556
3677 37 B 863 871
3678 32 A 870 926
3679 5 E 322 326
3680 41 E 56 113
3681 46 D 499 549
3682 49 C 806 865
3683 46 B 29 50
3684 29 E 695 711
3685 14 E 382 426
3686 36 A 129 186
3687 5 D 679 694
3688 40 D 575 581
3689 72 D 737 789
3690 7 C 555 557
3691 29 A 55 91
3692 11 D 852 906
3693 35 B 848 906
3694 14 C 439 485
3695 73 E 148 179
3696 66 A 433 456
3697 51 D 475 477
3698 41 E 899 951
3699 63 A 986 1036
3700 13 B 606 634
3701 23 C 848 858
3702 53 B 102 133
3703 79 D 614 641
3704 46 C 466 510
3705 45 C 725 737
3706 2 C 744 753
3707 57 B 460 520
3708 30 B 724 742
3709 6 A 729 753
3710 59 C 891 916
3711 11 D 438 479
3712 11 A 862 893
3713 37 B 531 558
3714 45 E 599 608
3715 61 E 276 334
3716 25 C 836 868
3717 38 C 701 725
3718 19 E 246 284
3719 53 B 732 768
3720 48 C 321 335
3721 14 E 162 220
3722 3 C 898 946
3723 69 E 642 695
3724 27 A 191 234
3725 66 D 565 616
3726 65 C 887 921
3727 42 A 120 151
3728 22 A 474 511
3729 73 A 668 678
3730 30 A 121 161
3731 79 A 486 520
3732 30 C 663 707
3733 62 D 804 827
3734 49 E 579 613
3735 69 A 406 461
3736 66 D 999 1015
3737 67 E 240 254
3738 53 B 376 433
3739 31 D 69 84
3740 20 C 954 984
3741 28 C 583 610
3742 23 D 522 550
3743 63 A 775 800
3744 54 C 970 1025
3745 28 E 393 449
3746 33 D 469 487
3747 34 B 652 659
3748 80 B 260 284
3749 4 A 134 138
3750 44 D 684 694
3751 7 C 769 818
3752 22 D 696 737
3753 80 A 617 672
3754 21 A 606 645
3755 34 C 869 886
3756 58 D 386 399
3757 79 C 317 367
3758 47 E 352 403
3759 69 E 575 610
3760 57 A 639 643
3761 47 A 753 756
3762 46 E 289 345
3763 18 D 213 237
3764 36 A 212 234
3765 28 E 161 210
3766 13 A 427 456
3767 58 C 283 339
3768 3 C 426 446
3769 60 D 902 949
3770 20 B 722 733
3771 69 C 792 835
3772 44 A 804 849
3773 7 A 773 804
3774 18 D 441 500
3775 40 E 438 496
3776 4 B 379 415
3777 50 C 366 387
3778 9 D 279 313
3779 44 C 43 82
3780 36 B 333 369
3781 39 B 510 532
3782 11 D 691 716
3783 53 B 976 978
3784 37 C 214 254
3785 2 C 961 965
3786 36 E 587 621
3787 33 D 127 129
3788 25 B 72 108
3789 76 A 686 723
3790 41 C 14 61
3791 4 E 252 255
3792 15 A 99 156
3793 33 E 790 814
3794 46 D 520 580
3795 12 B 28 40
3796 67 E 151 182
3797 58 D 525 550
3798 15 E 293 314
3799 12 C 461 514
3800 33 B 335 358
3801 68 A 927 951
3802 29 D 167 205
3803 61 B 607 661
3804 74 D 365 409
3805 39 B 439 484
3806 38 C 424 439
3807 48 C 563 620
3808 28 A 554 600
3809 31 E 884 898
3810 18 D 284 326
3811 7 A 83 94
3812 55 E 366 406
3813 40 E 476 531
3814 24 D 510 528
3815 79 E 523 551
3816 11 D 700 734
3817 50 C 525 574
3818 35 E 558 597
3819 35 C 905 949
3820 76 B 831 840
3821 64 E 440 477
3822 6 C 511 559
3823 13 A 359 365
3824 1 A 442 477
3825 24 E 361 420
3826 62 A 431 435
3827 52 A 956 961
3828 23 A 472 520
3829 44 B 6 37
3830 29 A 739 763
3831 70 D 985 1003
3832 12 C 19 46
3833 62 A 467 470
3834 59 C 867 925
3835 78 E 807 844
3836 5 D 241 271
3837 39 C 133 162
3838 65 C 953 1010
3839 11 E 678 699
3840 21 D 344 374
3841 62 D 325 378
3842 14 E 189 218
3843 42 A 840 846
3844 23 E 918 940
3845 60 A 717 769
3846 32 D 39 51
3847 60 E 199 235
3848 70 E 876 916
3849 12 C 282 298
3850 75 B 622 642
3851 17 C 434 469
3852 21 E 512 518
3853 25 A 513 534
3854 19 D 903 940
3855 6 B 144 180
3856 7 D 105 131
3857 48 A 255 298
3858 66 B 839 851
3859 10 B 463 512
3860 37 E 618 624
3861 10 C 952 982
3862 56 B 97 157
3863 37 C 354 414
3864 3 D 594 629
3865 75 E 125 152
3866 33 D 241 270
3867 9 C 418 470
3868 76 D 756 802
3869 23 B 779 837
3870 23 B 618 649
3871 1 B 189 236
3872 49 A 720 753
3873 15 B 203 225
3874 47 D 402 456
3875 73 D 871 873
3876 59 E 279 316
3877 57 B 228 270
3878 2 E 869 889
3879 31 B 365 378
3880 41 A 318 336
3881 2 D 664 673
3882 62 A 407 417
3883 60 B 594 646
3884 41 B 938 957
3885 77 A 204 222
3886 52 B 496 534
3887 71 A 795 852
3888 53 C 353 408
3889 60 B 713 741
3890 24 C 399 405
3891 20 A 941 967
3892 73 A 766 783
3893 50 E 283 339
3894 65 C 386 440
3895 4 E 532 584
3896 79 B 813 839
3897 59 D 622 652
3898 46 A 571 610
3899 63 E 621 670
3900 41 B 253 264
3901 52 B 113 153
3902 20 D 705 730
3903 21 D 624 631
3904 38 A 439 447
3905 17 D 981 993
3906 76 D 743 798
3907 1 A 382 399
3908 58 C 636 644
3909 65 D 78 110
3910 53 E 996 1054
3911 80 A 727 764
3912 37 B 448 502
3913 35 C 787 842
3914 50 C 661 667
3915 20 B 501 560
3916 70 B 631 657
3917 41 D 996 1041
3918 69 C 694 743
3919 5 E 612 615
3920 57 E 242 279
3921 7 B 766 808
3922 68 A 964 1022
3923 32 B 858 887
3924 60 B 369 420
3925 65 B 98 131
3926 74 D 891 944
3927 37 E 792 824
3928 75 E 924 963
3929 68 A 401 460
3930 64 A 823 850
3931 7 C 69 79
3932 6 E 46 49
3933 25 B 380 397
3934 49 E 694 715
3935 65 E 746 754
3936 26 A 355 364
3937 51 D 183 185
3938 34 E 67 94
3939 70 E 191 197
3940 50 A 377 427
3941 71 D 851 878
3942 10 C 416 474
3943 51 D 800 860
3944 61 E 209 242
3945 80 E 887 901
3946 31 A 687 698
3947 71 C 118 159
3948 23 A 806 820
3949 38 B 517 559
3950 18 D 379 424
3951 18 A 591 598
3952 24 D 558 568
3953 75 A 185 194
3954 5 E 887 899
3955 19 E 942 999
3956 21 B 700 751
3957 44 E 501 550
3958 51 A 344 367
3959 39 A 471 489
3960 69 B 652 655
3961 52 E 469 476
3962 46 E 885 929
3963 26 A 57 109
3964 68 D 25 60
3965 61 D 379 429
3966 41 A 261 266
3967 9 E 150 173
3968 77 A 670 694
3969 26 A 325 347
3970 31 D 173 216
3971 47 B 110 157
3972 34 E 271 318
3973 74 D 699 710
3974 41 D 927 935
3975 29 B 174 228
3976 47 D 758 815
3977 65 E 947 979
3978 43 D 414 456
3979 58 A 777 788
3980 29 C 144 154
3981 21 C 724 758
3982 68 A 570 628
3983 17 D 218 270
3984 33 B 33 53
3985 34 B 316 363
3986 40 D 268 303
3987 35 E 342 366
3988 31 C 112 125
3989 5 E 856 883
3990 73 B 81 140
3991 10 B 603 642
3992 57 C 106 153
3993 13 E 725 739
3994 32 C 171 194
3995 58 D 293 303
3996 15 D 32 74
3997 1 C 244 276
3998 2 E 94 149
3999 65 E 173 199
4000 14 B 32 64
4001 36 B 83 119
4002 77 B 174 181
4003 54 B 969 1013
4004 36 B 368 386
4005 70 E 831 861
4006 5 C 263 311
4007 24 C 766 807
4008 65 A 700 742
4009 49 C 389 436
4010 59 C 638 667
4011 45 A 615 670
4012 44 A 337 384
4013 72 E 957 971
4014 13 B 260 268
4015 27 A 548 594
4016 52 D 157 202
4017 57 B 214 220
4018 70 C 297 337
4019 61 C 967 998
4020 15 C 439 446
4021 76 D 326 379
4022 76 D 327 356
4023 54 B 990 1014
4024 22 D 590 619
4025 1 A 434 456
4026 9 C 211 249
4027 73 D 389 391
4028 13 A 452 476
4029 36 B 599 629
4030 43 B 581 606
4031 31 A 852 866
4032 53 D 140 196
4033 18 B 56 65
4034 12 C 940 992
4035 62 E 452 477
4036 59 E 590 593
4037 1 C 167 208
4038 20 C 578 622
4039 41 D 6 20
4040 25 D 528 570
4041 28 B 380 428
4042 59 B 817 841
4043 6 E 795 798
4044 70 C 214 257
4045 41 D 527 580
4046 35 E 398 425
4047 2 A 243 265
4048 50 D 463 484
4049 68 B 754 799
4050 57 D 179 232
4051 13 B 311 370
4052 75 D 995 1042
4053 55 A 737 774
4054 70 A 558 581
4055 4 C 24 82
4056 75 D 515 571
4057 59 E 30 56
4058 16 B 478 505
4059 42 D 348 408
4060 44 B 840 874
4061 55 A 350 409
4062 37 C 733 787
4063 68 A 543 596
4064 65 B 610 623
4065 24 A 998 1002
4066 8 E 510 535
4067 27 C 274 296
4068 36 D 955 995
4069 65 C 57 77
4070 29 A 146 197
4071 11 C 180 184
4072 70 D 286 296
4073 13 A 746 762
4074 62 B 206 237
4075 44 D 533 547
4076 57 D 883 900
4077 71 B 802 837
4078 22 E 336 361
4079 46 D 614 652
4080 58 D 888 893
4081 54 E 560 612
4082 74 B 88 107
4083 4 A 461 508
4084 47 D 125 140
4085 41 C 816 823
4086 20 C 86 95
4087 46 B 923 939
4088 3 E 968 1014
4089 52 B 627 667
4090 17 C 167 200
4091 9 E 374 416
4092 54 A 652 672
4093 64 B 571 586
4094 74 D 981 1015
4095 25 D 974 999
4096 46 E 533 573
4097 28 E 301 348
4098 74 D 668 680
4099 10 B 803 810
4100 8 E 615 621
4101 78 A 789 821
4102 63 D 480 540
4103 4 D 374 410
4104 12 C 137 158
4105 49 A 433 437
4106 62 C 507 538
4107 58 E 561 565
4108 72 C 573 611
4109 31 E 95 125
4110 42 E 238 283
4111 20 D 225 268
4112 42 A 465 519
4113 75 D 628 682
4114 66 D 268 308
4115 79 B 64 105
4116 37 D 544 547
4117 36 D 123 147
4118 69 D 831 873
4119 48 C 106 118
4120 23 E 9 27
4121 60 D 635 685
4122 70 C 611 656
4123 24 D 551 572
4124 41 A 772 803
4125 79 A 271 290
4126 52 D 812 827
4127 41 E 313 315
4128 53 A 982 1036
4129 39 B 510 525
4130 42 B 82 108
4131 70 E 190 230
4132 79 A 203 241
4133 49 E 792 821
4134 58 C 935 987
4135 24 C 26 55
4136 76 A 731 766
4137 26 D 364 398
4138 44 A 549 560
4139 64 C 890 940
4140 54 A 483 495
4141 42 E 528 576
4142 45 D 139 181
4143 12 D 429 437
4144 76 B 932 940
4145 19 E 20 28
4146 36 D 208 262
4147 74 D 389 432
4148 11 E 737 751
4149 62 C 716 759
4150 31 E 644 704
4151 13 E 396 432
4152 23 B 885 930
4153 57 D 505 507
4154 25 B 86 121
4155 73 A 914 933
4156 76 A 537 558
4157 37 C 528 575
4158 47 E 762 786
4159 70 B 24 33
4160 28 C 170 189
4161 64 E 142 172
4162 49 C 863 880
4163 3 A 912 966
4164 34 B 447 480
4165 38 B 703 762
4166 19 E 282 342
4167 51 C 330 342
4168 78 A 852 860
4169 43 A 262 291
4170 56 E 299 333
4171 31 A 516 528
4172 28 A 504 536
4173 76 B 446 458
4174 74 A 481 511
4175 70 D 596 598
4176 22 A 641 685
4177 8 C 576 578
4178 57 B 827 866
4179 66 C 873 886
4180 30 D 927 951
4181 53 A 167 207
4182 31 E 52 91
4183 25 D 888 942
4184 50 B 889 937
4185 24 E 413 436
4186 13 E 378 394
4187 36 A 180 190
4188 2 A 193 251
4189 56 A 70 98
4190 5 E 358 401
4191 40 E 930 969
4192 67 E 676 712
4193 59 C 121 178
4194 3 C 380 429
4195 40 C 40 76
4196 54 C 31 56
4197 31 E 747 757
4198 78 D 788 798
4199 68 E 239 248
4200 33 B 635 681
4201 2 A 162 187
4202 16 B 99 119
4203 55 E 69 91
4204 29 E 164 217
4205 3 C 653 677
4206 67 C 259 309
4207 53 C 159 186
4208 32 A 120 161
4209 39 A 564 593
4210 62 E 835 891
4211 23 D 906 952
4212 58 B 628 668
4213 18 D 77 103
4214 6 A 965 1010
4215 34 B 923 974
4216 65 E 318 375
4217 70 C 19 56
4218 50 C 333 366
4219 56 A 217 264
4220 71 E 128 147
4221 6 C 545 558
4222 72 B 76 135
4223 53 E 791 827
4224 61 C 307 344
4225 71 C 179 198
4226 51 A 630 677
4227 53 A 583 631
4228 27 C 975 1019
4229 34 E 884 926
4230 19 D 434 486
4231 65 D 463 472
4232 42 E 397 433
4233 52 C 42 87
4234 40 D 10 13
4235 70 D 158 171
4236 53 A 908 917
4237 60 C 108 115
4238 21 C 142 156
4239 41 A 933 992
4240 28 C 859 882
4241 69 D 628 675
4242 73 E 484 533
4243 66 E 983 1023
4244 35 A 993 995
4245 6 B 204 236
4246 2 C 111 124
4247 46 D 817 847
4248 65 D 282 303
4249 72 E 794 846
4250 11 A 791 828
4251 57 A 485 543
4252 80 E 994 1043
4253 58 B 301 332
4254 2 B 415 420
4255 42 C 712 761
4256 54 D 39 70
4257 19 A 762 786
4258 27 C 157 175
4259 33 D 776 782
4260 14 B 716 739
4261 80 D 474 483
4262 1 A 82 109
4263 10 E 992 1009
4264 14 E 299 318
4265 40 C 830 875
4266 2 A 854 893
4267 12 A 307 346
4268 69 A 919 959
4269 34 B 882 886
4270 28 C 916 928
4271 27 B 17 74
4272 1 C 660 708
4273 26 D 638 667
4274 38 D 469 519
4275 65 A 7 67
4276 49 C 562 579
4277 31 B 298 308
4278 60 B 635 663
4279 40 D 129 183
4280 30 B 387 390
4281 2 A 301 336
4282 58 E 236 241
4283 64 C 854 894
4284 23 B 996 1052
4285 21 D 224 235
4286 58 A 624 642
4287 37 B 685 687
4288 2 C 830 861
4289 79 E 219 247
4290 64 D 481 488
4291 17 B 61 88
4292 65 B 181 187
4293 43 A 98 127
4294 16 E 948 993
4295 21 D 246 294
4296 67 A 452 503
4297 54 C 584 614
4298 57 B 660 707
4299 56 D 888 921
4300 56 A 280 302
4301 5 C 323 339
4302 59 B 334 382
4303 19 E 897 899
4304 15 B 604 616
4305 3 A 1 46
4306 61 D 28 59
4307 4 C 88 92
4308 11 D 871 886
4309 64 A 837 882
4310 68 E 167 180
4311 35 C 352 380
4312 43 A 434 488
4313 58 C 256 312
4314 42 C 289 306
4315 46 A 558 609
4316 17 A 26 44
4317 11 B 104 146
4318 72 A 725 773
4319 38 E 620 674
4320 1 C 844 888
4321 25 B 796 830
4322 48 B 347 403
4323 59 D 881 898
4324 34 C 164 198
4325 80 C 160 211
4326 63 C 651 670
4327 20 E 912 958
4328 49 B 608 661
4329 10 A 51 106
4330 45 B 260 270
4331 72 C 597 610
4332 56 A 812 830
4333 69 E 576 595
4334 74 D 159 204
4335 39 B 747 790
4336 11 B 406 415
4337 2 B 28 83
4338 7 A 167 215
4339 41 D 712 770
4340 27 B 648 672
4341 16 C 342 380
4342 78 C 96 118
4343 54 B 241 276
4344 22 D 462 470
4345 27 B 953 991
4346 57 B 293 326
4347 48 C 467 502
4348 33 C 868 901
4349 33 A 573 577
4350 78 B 862 904
4351 36 C 149 183
4352 69 D 878 930
4353 46 C 813 872
4354 59 D 896 944
4355 17 D 789 843
4356 39 E 704 754
4357 78 A 331 347
4358 24 C 451 470
4359 40 D 646 652
4360 3 C 562 585
4361 52 E 203 230
4362 71 E 958 967
4363 8 E 357 397
4364 18 B 80 113
4365 61 E 304 348
4366 25 E 647 680
4367 13 B 923 983
4368 9 E 90 132
4369 57 C 285 343
4370 30 E 175 222
4371 26 A 611 671
4372 2 C 698 723
4373 67 C 376 401
4374 44 C 612 639
4375 40 B 999 1044
4376 2 B 196 246
4377 3 D 523 560
4378 41 B 183 226
4379 23 D 247 296
4380 19 D 635 669
4381 30 B 871 888
4382 67 A 154 184
4383 40 B 357 411
4384 71 B 726 784
4385 68 B 519 567
4386 2 A 804 862
4387 53 C 93 122
4388 76 E 641 667
4389 20 D 323 360
4390 30 E 830 849
4391 41 E 768 810
4392 51 D 453 461
4393 3 D 449 473
4394 74 B 374 380
4395 24 C 249 268
4396 74 C 150 160
4397 33 B 770 808
4398 17 E 262 317
4399 60 A 603 662
4400 55 E 691 740
4401 71 D 360 398
4402 41 E 178 227
4403 78 B 644 700
4404 56 B 589 597
4405 31 C 50 75
4406 10 A 97 117
4407 4 E 622 657
4408 2 A 584 614
4409 7 A 561 613
4410 4 C 562 614
4411 49 B 779 825
4412 30 B 801 858
4413 74 B 878 898
4414 16 C 838 880
4415 5 C 718 752
4416 3 A 145 150
4417 58 B 788 847
4418 49 B 877 913
4419 80 C 693 746
4420 66 A 794 841
4421 53 D 263 317
4422 64 E 1 5
4423 53 A 708 750
4424 75 E 398 405
4425 31 B 770 793
4426 37 E 443 471
4427 38 D 177 188
4428 19 D 621 668
4429 75 C 793 812
4430 9 E 625 650
4431 63 B 718 762
4432 28 A 899 958
4433 80 D 901 961
4434 14 E 836 849
4435 75 A 511 531
4436 80 C 89 119
4437 37 C 627 651
4438 10 B 124 143
4439 72 C 740 782
4440 36 C 799 806
4441 45 B 925 983
4442 18 E 834 883
4443 30 C 143 162
4444 14 B 823 863
4445 25 A 773 792
4446 63 E 470 481
4447 69 B 551 593
4448 16 D 527 533
4449 29 C 112 129
4450 60 A 587 603
4451 64 D 125 148
4452 16 D 7 20
4453 67 C 355 407
4454 32 B 134 159
4455 49 D 364 395
4456 7 E 255 283
4457 58 E 308 327
4458 61 A 218 235
4459 12 D 808 854
4460 26 A 277 325
4461 26 E 894 923
4462 80 C 893 906
4463 78 E 657 665
4464 79 B 645 684
4465 34 B 515 520
4466 14 A 656 684
4467 21 D 524 573
4468 53 E 340 379
4469 67 A 869 876
4470 6 D 351 391
4471 74 B 626 661
4472 31 D 319 327
4473 7 E 457 473
4474 42 D 251 301
4475 17 D 751 804
4476 17 E 175 220
4477 1 A 162 214
4478 35 E 531 559
4479 79 A 663 721
4480 13 D 372 392
4481 38 A 42 75
4482 13 D 598 655
4483 69 C 670 693
4484 13 B 442 473
4485 60 A 383 403
4486 57 B 463 520
4487 79 A 699 748
4488 31 B 686 731
4489 54 B 202 212
4490 80 A 876 913
4491 13 B 589 603
4492 64 D 484 542
4493 30 E 502 529
4494 35 D 732 757
4495 3 A 603 623
4496 16 A 995 1002
4497 15 C 476 515
4498 24 C 533 546
4499 48 B 71 89
4500 54 E 119 135
4501 73 D 431 446
4502 78 C 61 118
4503 33 B 626 679
4504 60 B 504 560
4505 6 D 303 320
4506 22 A 925 972
4507 27 E 658 668
4508 1 C 380 397
4509 61 E 344 396
4510 66 D 716 771
4511 24 B 423 479
4512 52 D 386 400
4513 49 B 690 748
4514 67 C 141 193
4515 29 D 546 556
4516 77 E 221 255
4517 28 E 686 715
4518 50 B 616 638
4519 17 E 281 307
4520 28 C 161 176
4521 58 A 661 672
4522 14 C 882 921
4523 34 D 884 898
4524 24 E 281 291
4525 62 E 684 694
4526 80 C 137 140
4527 34 D 746 785
4528 19 A 161 221
4529 31 A 198 218
4530 58 A 348 405
4531 35 D 486 519
4532 44 A 117 156
4533 74 A 536 554
4534 78 D 969 996
4535 80 D 159 206
4536 23 D 186 195
4537 21 D 488 528
4538 22 A 650 672
4539 6 E 13 47
4540 50 A 440 468
4541 45 A 4 27
4542 50 D 59 71
4543 64 D 695 728
4544 65 E 825 872
4545 17 A 475 483
4546 49 A 604 647
4547 80 C 690 706
4548 79 B 183 193
4549 67 E 869 928
4550 52 D 485 529
4551 38 E 315 350
4552 30 B 801 840
4553 11 C 349 404
4554 27 C 660 702
4555 26 E 441 493
4556 31 C 949 951
4557 7 B 173 205
4558 7 A 456 511
4559 3 A 381 436
4560 14 D 192 235
4561 18 A 528 569
4562 23 B 232 246
4563 80 A 199 253
4564 53 C 900 934
4565 77 D 173 219
4566 29 C 19 29
4567 53 D 945 957
4568 49 E 446 488
4569 53 C 297 311
4570 32 E 166 220
4571 55 C 350 375
4572 67 E 830 871
4573 10 E 772 793
4574 55 D 638 690
4575 79 A 994 999
4576 4 C 533 565
4577 10 D 132 178
4578 55 D 213 260
4579 65 E 26 76
4580 5 A 732 742
4581 37 C 122 142
4582 60 B 586 612
4583 61 B 730 780
4584 40 A 493 531
4585 64 E 298 318
4586 12 C 356 370
4587 44 E 510 551
4588 33 A 335 390
4589 55 E 190 234
4590 75 A 806 812
4591 7 E 428 460
4592 36 B 577 581
4593 54 A 63 121
4594 49 D 262 267
4595 3 C 964 1021
4596 14 C 52 109
4597 34 B 583 603
4598 49 A 610 613
4599 34 D 445 499
4600 58 B 610 632
4601 61 D 568 628
4602 20 C 303 316
4603 76 B 150 165
4604 43 A 303 347
4605 35 C 666 680
4606 29 E 200 234
4607 76 A 324 369
4608 74 A 220 247
4609 65 B 997 1026
4610 72 E 137 185
4611 46 D 115 143
4612 80 E 986 991
4613 27 B 40 62
4614 3 D 920 961
4615 77 B 879 902
4616 23 B 290 312
4617 73 C 429 469
4618 70 E 67 87
4619 35 E 845 898
4620 23 B 444 467
4621 47 D 833 868
4622 47 E 809 856
4623 70 B 928 939
4624 48 C 419 426
4625 27 B 474 530
4626 26 B 117 129
4627 67 C 704 737
4628 9 E 595 609
4629 31 A 257 279
4630 63 A 623 683
4631 45 E 541 572
4632 78 C 866 880
4633 3 D 86 124
4634 40 C 106 140
4635 8 B 9 15
4636 12 E 924 969
4637 44 A 249 261
4638 35 A 30 63
4639 69 C 33 58
4640 77 D 437 462
4641 71 A 395 450
4642 72 A 585 618
4643 46 C 480 503
4644 25 E 836 843
4645 24 B 192 203
4646 64 C 470 477
4647 37 D 238 247
4648 49 A 873 914
4649 59 E 117 132
4650 22 B 694 727
4651 67 A 245 262
4652 21 C 4 10
4653 76 A 28 53
4654 79 A 378 406
4655 38 E 951 1001
4656 70 C 29 74
4657 1 B 225 245
4658 7 A 303 310
4659 44 A 510 552
4660 44 A 588 630
4661 19 E 434 494
4662 38 D 94 113
4663 72 C 802 819
4664 29 E 943 991
4665 21 E 995 1054
4666 42 E 349 368
4667 16 B 277 321
4668 20 E 934 966
4669 72 B 526 550
4670 13 B 773 798
4671 80 D 555 609
4672 34 B 361 420
4673 77 C 661 691
4674 18 D 834 852
4675 74 B 833 863
4676 27 D 188 224
4677 16 C 46 60
4678 75 A 49 51
4679 45 E 237 287
4680 13 C 389 403
4681 51 E 483 492
4682 79 D 684 723
4683 25 D 500 509
4684 22 E 45 74
4685 4 B 301 328
4686 73 A 541 581
4687 22 C 115 131
4688 14 A 745 768
4689 53 C 644 662
4690 61 C 135 145
4691 5 C 990 1002
4692 68 C 18 76
4693 58 E 10 17
4694 36 B 454 460
4695 39 D 113 132
4696 57 C 851 880
4697 53 C 163 189
4698 42 C 137 180
4699 37 C 295 306
4700 3 A 522 563
4701 22 B 576 585
4702 30 C 59 86
4703 22 E 851 872
4704 22 C 820 864
4705 37 D 758 795
4706 19 E 300 319
4707 36 C 68 107
4708 64 E 337 341
4709 16 C 448 454
4710 31 A 553 577
4711 25 D 831 887
4712 62 A 962 1010
4713 16 A 159 163
4714 50 C 382 434
4715 8 D 879 902
4716 6 D 652 663
4717 48 C 50 96
4718 46 A 559 574
4719 36 D 167 206
4720 25 D 370 413
4721 75 A 600 628
4722 20 D 216 227
4723 63 A 432 491
4724 30 C 179 221
4725 61 C 842 862
4726 9 C 956 1000
4727 70 A 143 191
4728 71 D 43 101
4729 8 C 117 174
4730 45 D 658 716
4731 64 B 572 583
4732 61 B 836 890
4733 48 E 766 785
4734 46 B 931 935
4735 41 C 112 147
4736 22 D 866 885
4737 58 C 179 235
4738 12 A 731 758
4739 2 E 452 472
4740 77 C 896 925
4741 73 C 877 885
4742 46 A 383 393
4743 9 E 699 718
4744 9 A 97 123
4745 14 B 504 555
4746 43 B 839 859
4747 41 C 263 290
4748 9 D 897 953
4749 26 D 239 257
4750 3 D 496 505
4751 76 D 31 50
4752 29 B 32 54
4753 43 A 12 35
4754 36 B 365 375
4755 80 E 563 611
4756 47 A 199 229
4757 7 E 288 295
4758 15 A 266 280
4759 23 E 587 646
4760 1 B 612 623
4761 17 C 844 893
4762 47 A 47 64
4763 65 B 952 975
4764 70 A 837 864
4765 7 D 36 89
4766 17 A 202 227
4767 46 A 666 711
4768 23 C 189 202
4769 36 B 982 1030
4770 16 D 268 275
4771 14 B 559 561
4772 18 C 332 358
4773 74 B 830 842
4774 51 B 131 154
4775 18 D 693 710
4776 57 E 777 820
4777 11 A 256 272
4778 41 D 91 120
4779 80 D 256 312
4780 67 E 419 430
4781 60 D 556 588
4782 76 B 344 352
4783 69 C 982 1019
4784 54 C 627 685
4785 37 B 797 828
4786 33 D 24 59
4787 33 C 359 367
4788 43 D 194 202
4789 20 E 490 549
4790 24 E 580 634
4791 76 B 535 585
4792 52 E 964 985
4793 63 D 393 445
4794 77 E 591 593
4795 10 D 234 248
4796 56 E 215 233
4797 38 C 236 277
4798 79 E 868 875
4799 50 A 270 306
4800 7 C 600 621
4801 29 C 811 871
4802 24 A 442 498
4803 54 D 215 262
4804 31 D 611 629
4805 6 C 720 760
4806 49 A 277 285
4807 57 A 393 437
4808 39 D 274 308
4809 60 C 946 956
4810 32 E 310 316
4811 20 A 977 1035
4812 22 E 13 35
4813 69 B 718 769
4814 80 E 830 866
4815 40 A 145 156
4816 34 D 61 116
4817 16 D 665 667
4818 9 B 255 297
4819 15 C 429 431
4820 45 D 818 829
4821 44 D 375 380
4822 41 E 891 931
4823 49 D 916 972
4824 14 C 988 1045
4825 8 D 367 370
4826 42 D 268 327
4827 40 D 137 170
4828 64 D 49 102
4829 55 E 579 609
4830 36 A 796 800
4831 3 D 61 116
4832 71 C 314 322
4833 18 D 295 342
4834 35 C 399 418
4835 12 C 184 231
4836 74 A 268 307
4837 5 B 181 190
4838 19 C 798 806
4839 49 A 911 956
4840 35 C 446 466
4841 66 A 500 548
4842 50 B 878 886
4843 48 C 791 803
4844 69 D 619 623
4845 16 B 180 238
4846 60 C 894 936
4847 71 C 786 790
4848 60 D 232 283
4849 9 D 996 1019
4850 5 B 560 562
4851 56 D 378 418
4852 27 B 54 63
4853 16 D 560 578
4854 32 C 687 724
4855 7 B 412 416
4856 15 A 710 716
4857 37 A 730 745
4858 19 C 364 404
4859 23 C 352 406
4860 77 A 61 110
4861 68 B 336 351
4862 3 D 623 654
4863 21 D 689 737
4864 5 B 970 972
4865 55 A 755 786
4866 65 C 725 746
4867 57 A 621 679
4868 25 A 456 468
4869 56 D 103 123
4870 37 B 530 562
4871 43 A 17 48
4872 55 A 944 976
4873 17 E 782 793
4874 78 E 888 939
4875 37 A 691 726
4876 74 C 871 900
4877 48 E 458 469
4878 75 E 570 621
4879 17 C 276 285
4880 6 B 514 542
4881 45 E 654 704
4882 54 A 933 940
4883 43 B 834 884
4884 69 A 647 685
4885 41 C 820 825
4886 10 D 396 447
4887 54 E 132 142
4888 61 D 458 479
4889 15 E 725 762
4890 5 D 722 735
4891 20 B 884 898
4892 2 C 442 452
4893 71 D 883 905
4894 62 E 544 588
4895 43 E 951 970
4896 19 B 631 685
4897 9 C 528 569
4898 51 B 280 305
4899 4 D 75 123
4900 55 E 923 947
4901 75 B 528 532
4902 70 B 156 160
4903 6 C 812 845
4904 23 E 53 67
4905 80 C 62 86
4906 77 C 925 949
4907 35 B 269 307
4908 19 B 339 365
4909 71 D 668 688
4910 12 E 291 346
4911 1 B 829 857
4912 75 C 461 508
4913 45 D 187 245
4914 19 D 872 875
4915 29 C 340 389
4916 16 D 255 266
4917 78 B 782 811
4918 51 D 825 876
4919 41 E 930 961
4920 47 E 451 505
4921 29 D 353 364
4922 60 D 834 886
4923 53 B 425 428
4924 25 B 582 605
4925 29 A 211 227
4926 54 E 151 183
4927 22 E 860 895
4928 10 A 654 697
4929 1 B 839 877
4930 77 A 215 261
4931 78 D 7 12
4932 12 D 274 278
4933 75 B 321 344
4934 29 D 70 103
4935 63 C 932 960
4936 80 E 793 839
4937 10 C 177 222
4938 25 C 198 250
4939 24 E 620 652
4940 77 E 93 137
4941 7 D 930 959
4942 25 C 911 925
4943 37 B 662 677
4944 29 D 814 844
4945 16 C 889 899
4946 15 D 485 526
4947 43 B 496 509
4948 48 D 471 488
4949 51 C 769 822
4950 70 E 333 377
4951 56 E 118 128
4952 46 A 563 614
4953 22 B 845 875
4954 68 C 929 947
4955 47 B 916 934
4956 54 A 144 175
4957 44 C 372 424
4958 5 E 979 1036
4959 35 B 910 926
4960 5 A 481 493
4961 28 A 158 217
4962 13 A 833 891
4963 71 D 161 214
4964 10 E 526 551
4965 8 C 714 728
4966 1 C 807 846
4967 36 E 553 555
4968 16 A 609 646
4969 28 B 543 590
4970 60 A 39 51
4971 48 B 228 258
4972 50 E 736 765
4973 40 E 776 780
4974 30 C 220 257
4975 42 D 53 83
4976 38 B 563 580
4977 53 A 818 825
4978 42 B 622 670
4979 69 B 207 260
4980 29 C 164 175
4981 6 A 947 996
4982 31 D 434 484
4983 68 D 621 651
4984 10 D 561 602
4985 31 E 443 479
4986 38 E 351 399
4987 21 C 528 577
4988 8 C 455 473
4989 19 B 775 812
4990 67 C 133 182
4991 26 D 33 62
4992 23 A 847 876
4993 79 B 735 789
4994 54 A 758 809
4995 72 A 150 185
4996 31 E 789 811
4997 44 C 2 60
4998 54 B 950 988
4999 10 C 702 707
5000 51 A 596 614

# Camiones
1 579
2 215
3 446
4 587
5 670
6 214
7 224
8 351
9 454
10 328
11 589
12 604
13 764
14 768
15 565
16 398
17 751
18 427
19 513
20 397
21 196
22 417
23 710
24 529
25 731
26 766
27 513
28 489
29 735
30 584
31 298
32 717
33 198
34 719
35 725
36 629
37 473
38 500
39 571
40 776
41 760
42 474
43 585
44 436
45 743
46 487
47 305
48 575
49 775
50 664
51 190
52 681
53 328
54 544
55 678
56 279
57 757
58 660
59 296
60 606
61 559
62 217
63 480
64 602
65 692
66 562
67 434
68 331
69 608
70 730
71 563
72 690
73 289
74 664
75 201
76 343
77 492
78 711
79 561
80 783
81 422
82 433
83 637
84 678
85 523
86 312
87 476
88 327
89 246
90 235
91 325
92 658
93 397
94 624
95 272
96 422
97 282
98 659
99 261
100 677
101 667
102 636
103 743
104 619
105 428
106 554
107 488
108 387
109 581
110 581
111 574
112 288
113 636
114 689
115 261
116 778
117 373
118 336
119 272
120 385
121 206
122 655
123 366
124 226
125 335
126 275
127 253
128 209
129 772
130 541
131 331
132 800
133 157
134 211
135 421
136 740
137 430
138 673
139 360
140 775
141 297
142 639
143 591
144 424
145 321
146 628
147 503
148 576
149 290
150 183
151 240
152 597
153 497
154 510
155 479
156 212
157 331
158 231
159 475
160 611
161 789
162 746
163 259
164 278
165 418
166 595
167 630
168 747
169 659
170 680
171 340
172 152
173 522
174 217
175 314
176 460
177 714
178 535
179 744
180 498
181 329
182 646
183 225
184 183
185 460
186 766
187 463
188 626
189 271
190 259
191 561
192 755
193 357
194 162
195 295
196 199
197 730
198 486
199 449
200 259
201 378
202 337
203 621
204 361
205 150
206 736
207 519
208 576
209 242
210 204
211 569
212 343
213 786
214 769
215 760
216 488
217 643
218 361
219 416
220 581
221 704
222 625
223 506
224 574
225 374
226 689
227 787
228 635
229 710
230 483
231 704
232 530
233 456
234 205
235 395
236 166
237 203
238 468
239 705
240 261
241 444
242 436
243 518
244 251
245 222
246 309
247 660
248 677
249 777
250 709
251 248
252 248
253 470
254 750
255 183
256 345
257 279
258 481
259 448
260 655
261 388
262 268
263 750
264 756
265 647
266 209
267 351
268 216
269 284
270 617
271 328
272 300
273 290
274 736
275 345
276 539
277 663
278 412
279 380
280 561
281 231
282 326
283 606
284 627
285 342
286 171
287 296
288 617
289 678
290 745
291 512
292 298
293 613
294 378
295 754
296 330
297 552
298 171
299 780
300 797
301 551
302 659
303 183
304 619
305 284
306 648
307 173
308 572
309 278
310 648
311 191
312 607
313 740
314 370
315 319
316 404
317 720
318 691
319 582
320 233
321 373
322 182
323 463
324 329
325 781
326 158
327 399
328 519
329 742
330 187
331 684
332 552
333 286
334 340
335 253
336 622
337 265
338 525
339 315
340 781
341 630
342 235
343 339
344 545
345 561
346 407
347 791
348 709
349 533
350 477
351 455
352 621
353 205
354 484
355 667
356 711
357 240
358 325
359 712
360 401
361 297
362 755
363 794
364 287
365 662
366 221
367 425
368 174
369 316
370 767
371 641
372 188
373 446
374 308
375 344
376 373
377 509
378 464
379 273
380 621
381 695
382 165
383 246
384 710
385 350
386 656
387 412
388 636
389 672
390 790
391 363
392 611
393 617
394 246
395 370
396 348
397 484
398 168
399 646
400 632
401 527
402 278
403 394
404 602
405 516
406 695
407 570
408 513
409 747
410 367
411 281
412 693
413 602
414 273
415 762
416 186
417 278
418 448
419 320
420 231
421 317
422 508
423 541
424 267
425 500
426 639
427 529
428 443
429 677
430 410
431 267
432 341
433 555
434 654
435 754
436 614
437 440
438 675
439 511
440 598
441 191
442 718
443 608
444 595
445 584
446 599
447 747
448 274
449 167
450 394
451 496
452 575
453 678
454 743
455 423
456 508
457 555
458 318
459 623
460 737
461 399
462 720
463 459
464 362
465 422
466 507
467 229
468 347
469 352
470 227
471 534
472 339
473 292
474 552
475 179
476 515
477 413
478 381
479 494
480 212
481 588
482 594
483 266
484 231
485 273
486 737
487 267
488 433
489 253
490 651
491 518
492 384
493 180
494 462
495 183
496 184
497 593
498 299
499 536
500 168
501 236
502 536
503 351
504 747
505 616
506 355
507 462
508 656
509 764
510 445
511 300
512 758
513 524
514 662
515 789
516 525
517 332
518 622
519 663
520 693
521 329
522 470
523 584
524 586
525 259
526 666
527 724
528 173
529 570
530 211
531 658
532 421
533 638
534 448
535 486
536 441
537 154
538 233
539 415
540 548
541 254
542 252
543 691
544 332
545 730
546 661
547 655
548 630
549 711
550 478
551 331
552 386
553 165
554 682
555 371
556 528
557 248
558 635
559 798
560 746
561 603
562 645
563 232
564 665
565 336
566 527
567 504
568 573
569 193
570 663
571 164
572 554
573 324
574 295
575 508
576 378
577 633
578 345
579 563
580 615
581 484
582 758
583 480
584 209
585 670
586 698
587 691
588 379
589 264
590 738
591 763
592 642
593 175
594 299
595 647
596 736
597 210
598 637
599 620
600 387
601 723
602 432
603 234
604 199
605 335
606 601
607 347
608 684
609 581
610 284
611 593
612 284
613 245
614 240
615 224
616 690
617 152
618 789
619 613
620 308
621 780
622 571
623 505
624 795
625 374
626 422
627 412
628 602
629 749
630 383
631 253
632 244
633 484
634 203
635 201
636 408
637 797
638 645
639 319
640 440
641 205
642 649
643 647
644 191
645 556
646 400
647 264
648 226
649 482
650 236
651 342
652 751
653 612
654 473
655 638
656 537
657 531
658 636
659 247
660 346
661 275
662 157
663 583
664 198
665 261
666 458
667 663
668 286
669 461
670 174
671 377
672 348
673 501
674 197
675 233
676 282
677 792
678 240
679 575
680 659
681 296
682 618
683 404
684 245
685 701
686 494
687 699
688 646
689 643
690 413
691 561
692 585
693 188
694 376
695 435
696 642
697 543
698 790
699 352
700 717
701 226
702 403
703 197
704 624
705 594
706 490
707 339
708 437
709 597
710 742
711 435
712 204
713 522
714 616
715 344
716 316
717 217
718 176
719 603
720 295
721 681
722 331
723 164
724 176
725 703
726 738
727 657
728 712
729 737
730 271
731 462
732 308
733 249
734 530
735 580
736 696
737 787
738 427
739 655
740 592
741 379
742 761
743 398
744 524
745 195
746 314
747 331
748 426
749 549
750 261
751 684
752 442
753 378
754 651
755 366
756 331
757 469
758 784
759 201
760 397
761 388
762 578
763 496
764 360
765 431
766 444
767 215
768 743
769 186
770 461
771 268
772 523
773 566
774 160
775 270
776 442
777 596
778 522
779 490
780 794
781 439
782 660
783 783
784 523
785 661
786 377
787 669
788 576
789 300
790 519
791 309
792 709
793 680
794 652
795 164
796 779
797 438
798 264
799 246
800 395
801 698
802 760
803 748
804 161
805 774
806 216
807 413
808 308
809 280
810 532
811 632
812 349
813 755
814 323
815 453
816 426
817 576
818 234
819 338
820 251
821 160
822 355
823 589
824 336
825 334
826 562
827 397
828 731
829 530
830 760
831 250
832 349
833 310
834 193
835 789
836 429
837 536
838 271
839 270
840 673
841 795
842 358
843 333
844 333
845 547
846 157
847 466
848 789
849 349
850 520
851 395
852 563
853 711
854 513
855 702
856 183
857 744
858 252
859 689
860 600
861 616
862 182
863 625
864 632
865 599
866 376
867 714
868 645
869 193
870 252
871 586
872 565
873 296
874 473
875 701
876 710
877 641
878 392
879 428
880 443
881 516
882 605
883 388
884 680
885 584
886 298
887 539
888 523
889 516
890 220
891 347
892 467
893 487
894 723
895 450
896 739
897 626
898 268
899 564
900 259