700 120

# Paquetes
1 4 E 185 195
2 15 E 200 206
3 40 B 123 140
4 11 C 147 151
5 35 B 15 38
6 4 B 141 155
7 3 C 189 217
8 9 B 102 110
9 8 C 13 29
10 30 D 89 98
11 15 D 143 152
12 28 E 142 147
13 27 E 104 131
14 36 B 142 149
15 40 A 166 172
16 29 D 170 176
17 16 C 122 148
18 33 C 80 101
19 16 B 19 44
20 26 A 3 5
21 5 C 27 54
22 33 E 109 111
23 33 D 90 110
24 39 C 187 189
25 33 D 75 84
26 14 C 183 193
27 40 B 4 11
28 2 E 13 32
29 36 C 163 185
30 28 B 168 194
31 36 E 32 52
32 26 E 123 125
33 10 D 51 59
34 37 B 22 51
35 21 E 138 152
36 19 E 144 156
37 20 E 64 70
38 9 E 190 208
39 26 C 148 157
40 17 C 94 98
41 2 D 110 135
42 9 A 40 46
43 22 E 149 168
44 20 E 185 199
45 21 E 6 24
46 33 C 86 98
47 13 A 40 51
48 25 B 69 96
49 26 D 197 219
50 25 C 123 134
51 15 A 136 163
52 14 B 177 183
53 29 D 30 44
54 15 C 79 93
55 4 C 7 16
56 34 A 199 220
57 38 D 15 22
58 23 A 154 165
59 35 D 85 102
60 12 C 67 82
61 11 C 141 169
62 29 A 138 141
63 1 C 119 129
64 17 D 103 106
65 7 C 145 173
66 28 D 166 189
67 15 E 8 13
68 17 D 36 62
69 37 A 161 187
70 33 E 73 86
71 25 A 120 124
72 13 A 26 32
73 31 A 172 185
74 20 D 107 130
75 16 C 67 73
76 25 A 20 29
77 19 D 11 19
78 8 A 129 158
79 21 B 181 209
80 2 B 105 107
81 31 D 11 30
82 13 C 22 33
83 16 A 1 18
84 23 C 162 192
85 15 E 136 166
86 3 C 183 204
87 39 D 10 38
88 40 D 55 70
89 31 E 102 104
90 32 A 120 122
91 6 C 32 54
92 25 D 75 80
93 39 D 96 102
94 7 E 102 112
95 39 D 157 172
96 29 D 44 70
97 13 E 27 52
98 1 C 30 41
99 32 A 2 4
100 34 A 92 109
101 28 D 26 38
102 7 D 185 211
103 29 A 24 43
104 26 E 171 197
105 1 D 113 119
106 5 B 82 87
107 16 A 119 135
108 24 D 190 206
109 8 E 199 218
110 28 B 63 68
111 22 C 43 73
112 25 E 156 158
113 14 C 110 123
114 3 A 56 84
115 36 B 171 179
116 14 A 36 63
117 23 E 159 162
118 3 B 58 78
119 36 C 183 212
120 40 B 155 167
121 6 D 6 31
122 28 A 112 130
123 18 A 130 153
124 38 C 127 129
125 33 E 65 91
126 9 E 33 56
127 17 D 63 86
128 27 A 4 11
129 33 B 12 21
130 19 C 101 118
131 30 B 125 152
132 15 B 43 54
133 22 D 53 79
134 29 D 147 172
135 35 D 47 77
136 27 E 152 171
137 35 B 45 52
138 28 D 36 54
139 26 D 192 203
140 20 B 177 192
141 12 C 154 175
142 32 D 10 31
143 7 B 140 146
144 30 C 92 94
145 9 D 134 153
146 9 C 173 176
147 20 B 67 91
148 37 D 149 164
149 27 A 24 49
150 26 B 109 119
151 36 C 142 169
152 16 A 65 92
153 2 A 7 27
154 26 B 61 70
155 31 E 108 128
156 1 D 49 70
157 18 C 118 140
158 4 B 48 75
159 2 A 150 170
160 31 C 99 106
161 8 C 97 115
162 20 C 59 73
163 14 D 123 140
164 1 E 56 71
165 38 C 131 153
166 32 C 12 25
167 6 A 49 67
168 9 E 183 198
169 13 E 87 116
170 36 C 155 181
171 27 D 139 149
172 38 E 130 158
173 24 A 87 99
174 36 C 196 223
175 5 B 168 176
176 35 C 135 138
177 37 A 10 23
178 28 D 109 139
179 21 E 56 81
180 1 A 55 57
181 38 B 184 189
182 32 D 49 73
183 26 D 63 93
184 2 E 130 144
185 22 A 200 225
186 33 C 128 158
187 31 D 15 35
188 16 E 191 204
189 13 E 69 86
190 22 B 60 83
191 19 C 68 87
192 5 A 57 77
193 5 A 192 215
194 33 B 71 91
195 26 D 174 188
196 10 E 54 69
197 2 C 155 167
198 7 A 137 140
199 15 C 151 163
200 10 C 52 58
201 10 B 99 119
202 22 C 38 53
203 39 E 6 11
204 21 E 70 92
205 35 C 163 167
206 11 C 48 77
207 14 A 144 159
208 37 E 176 178
209 24 E 142 144
210 33 B 27 39
211 9 D 151 160
212 26 A 75 84
213 37 A 179 206
214 40 E 194 213
215 4 B 62 83
216 26 E 56 80
217 38 B 95 105
218 35 D 77 87
219 35 C 185 196
220 14 C 51 67
221 27 C 19 21
222 15 C 191 214
223 6 B 98 103
224 10 E 42 57
225 4 D 140 152
226 24 C 170 179
227 32 B 140 153
228 30 E 180 192
229 16 D 31 38
230 22 B 116 142
231 5 B 122 133
232 27 C 106 110
233 25 B 5 35
234 14 D 140 158
235 29 C 69 76
236 14 D 15 29
237 4 D 73 76
238 12 B 60 71
239 10 A 26 45
240 39 A 18 35
241 39 E 200 222
242 39 B 126 137
243 39 C 169 172
244 1 D 79 90
245 31 A 194 202
246 37 A 82 108
247 37 E 123 134
248 15 E 10 37
249 2 E 9 15
250 21 B 125 151
251 28 D 175 181
252 23 D 37 49
253 2 D 31 53
254 11 A 168 187
255 10 C 33 41
256 29 B 111 118
257 31 C 67 70
258 27 B 66 75
259 14 E 173 184
260 11 A 184 208
261 8 E 23 34
262 31 E 54 74
263 16 A 183 211
264 15 E 99 113
265 2 E 56 63
266 31 D 69 94
267 39 A 63 90
268 24 E 153 169
269 32 A 31 36
270 3 C 147 159
271 34 E 143 154
272 34 B 42 63
273 16 C 96 105
274 27 C 36 50
275 4 C 18 22
276 1 B 185 200
277 24 A 62 92
278 28 C 101 113
279 24 B 97 114
280 24 A 70 74
281 15 A 98 111
282 18 E 167 196
283 2 B 55 68
284 33 D 148 155
285 15 E 27 54
286 32 C 49 73
287 37 E 170 173
288 13 B 19 29
289 32 B 57 69
290 26 C 77 102
291 22 E 111 128
292 36 A 94 111
293 30 B 23 53
294 26 E 102 109
295 36 C 153 177
296 24 D 143 158
297 16 D 118 130
298 13 C 80 100
299 24 C 90 106
300 6 B 65 81
301 19 B 37 46
302 14 C 7 19
303 6 A 1 5
304 25 A 26 38
305 31 B 179 205
306 26 C 16 18
307 39 E 145 169
308 2 D 108 127
309 35 B 118 123
310 16 A 6 16
311 26 D 157 167
312 1 D 171 189
313 33 B 31 61
314 29 D 13 15
315 12 C 171 175
316 10 A 124 133
317 7 E 156 170
318 2 B 172 179
319 31 E 105 131
320 29 E 113 137
321 7 D 180 210
322 20 E 158 179
323 32 A 13 40
324 25 C 171 197
325 19 C 132 143
326 30 D 186 207
327 33 C 186 202
328 27 B 197 209
329 37 D 185 202
330 8 E 122 130
331 39 A 141 169
332 8 A 103 113
333 21 C 5 10
334 35 A 50 71
335 27 C 140 147
336 27 C 119 147
337 6 D 183 188
338 37 A 126 130
339 18 E 46 66
340 32 B 56 81
341 4 D 170 176
342 18 A 61 70
343 7 D 71 85
344 17 C 148 160
345 16 A 143 158
346 6 C 89 105
347 5 E 69 99
348 27 C 160 177
349 2 E 107 128
350 11 C 68 80
351 33 E 184 195
352 19 C 197 202
353 32 D 38 45
354 30 D 145 152
355 32 E 99 109
356 20 C 133 148
357 18 A 148 154
358 27 B 1 4
359 19 C 56 81
360 35 D 191 207
361 5 E 85 94
362 7 C 142 171
363 33 B 55 77
364 39 B 68 85
365 1 D 186 189
366 21 D 165 172
367 3 B 200 211
368 6 A 37 55
369 2 C 92 112
370 40 C 148 176
371 24 D 146 165
372 17 E 76 82
373 10 E 70 75
374 20 B 154 183
375 31 E 38 41
376 18 E 94 96
377 12 B 23 50
378 15 A 45 49
379 15 A 26 30
380 16 E 186 198
381 13 C 103 132
382 20 C 148 164
383 8 B 167 172
384 14 C 186 200
385 4 E 42 59
386 2 D 79 107
387 2 C 118 125
388 6 B 62 79
389 6 A 123 126
390 24 C 77 86
391 16 E 118 129
392 8 B 100 117
393 8 A 71 79
394 29 A 29 58
395 19 E 195 205
396 19 E 18 35
397 14 B 87 89
398 17 A 157 185
399 35 E 193 200
400 21 E 91 118
401 19 D 101 117
402 29 C 94 117
403 1 A 190 195
404 36 D 129 142
405 24 B 111 140
406 8 A 11 39
407 2 D 167 186
408 22 B 10 29
409 32 B 124 146
410 12 A 124 136
411 33 D 67 78
412 19 D 78 99
413 19 D 51 80
414 8 E 75 78
415 36 B 142 155
416 29 D 19 26
417 40 D 142 144
418 36 B 61 83
419 31 E 80 108
420 4 A 52 72
421 12 E 109 113
422 15 C 108 111
423 6 A 196 224
424 17 E 199 225
425 21 C 33 56
426 11 A 199 213
427 23 C 137 158
428 23 C 100 120
429 3 B 130 136
430 33 E 37 44
431 32 E 127 154
432 8 B 55 75
433 32 C 171 197
434 10 A 161 165
435 16 D 18 29
436 23 D 143 148
437 22 C 163 180
438 11 E 181 198
439 40 E 81 97
440 16 E 4 7
441 24 A 166 185
442 8 B 129 132
443 6 D 146 170
444 3 C 66 93
445 30 B 178 183
446 18 A 196 207
447 25 A 111 133
448 30 C 60 82
449 16 B 92 106
450 10 D 6 35
451 38 B 12 19
452 22 A 134 141
453 16 A 122 151
454 24 B 78 107
455 4 A 160 181
456 33 C 43 72
457 30 E 192 212
458 37 B 150 156
459 2 A 111 127
460 3 D 15 30
461 9 B 81 99
462 30 A 100 109
463 2 B 97 106
464 14 E 36 64
465 9 D 21 51
466 37 A 178 183
467 4 A 59 80
468 37 A 132 159
469 5 A 98 121
470 1 A 149 165
471 33 B 148 150
472 30 C 32 40
473 40 C 184 204
474 26 C 33 55
475 26 A 114 134
476 29 B 25 49
477 25 C 143 145
478 31 C 105 133
479 34 D 83 89
480 38 A 70 73
481 6 C 64 85
482 33 C 90 102
483 37 D 83 103
484 27 D 194 219
485 37 C 172 196
486 29 E 25 51
487 33 C 77 100
488 17 C 97 125
489 19 B 13 17
490 39 D 172 189
491 35 B 9 34
492 4 E 115 127
493 34 D 6 10
494 5 E 89 97
495 5 B 116 125
496 38 C 92 107
497 39 A 104 119
498 32 C 185 201
499 5 E 76 96
500 24 A 70 76
501 13 A 85 104
502 23 D 133 141
503 23 B 41 70
504 25 B 116 144
505 29 D 105 123
506 3 A 137 158
507 16 A 27 52
508 8 E 26 45
509 37 D 127 157
510 17 B 133 147
511 38 A 83 100
512 31 E 26 35
513 8 E 40 66
514 21 B 50 72
515 1 A 1 14
516 30 D 79 99
517 21 E 185 214
518 32 B 20 38
519 9 C 88 104
520 20 E 4 10
521 40 C 41 67
522 24 E 81 99
523 14 C 189 202
524 26 B 117 134
525 10 B 158 160
526 11 A 52 79
527 38 D 8 15
528 16 D 86 101
529 24 E 124 137
530 28 C 10 23
531 33 A 26 51
532 38 D 118 121
533 12 E 149 167
534 32 B 24 48
535 4 C 169 182
536 11 E 45 51
537 32 A 159 181
538 24 A 67 84
539 13 C 6 34
540 29 C 97 123
541 10 D 155 170
542 14 B 154 158
543 37 A 158 172
544 25 E 74 85
545 4 B 9 23
546 27 A 90 111
547 2 E 32 43
548 5 E 114 133
549 13 E 156 168
550 38 A 106 129
551 10 C 110 126
552 24 A 130 136
553 35 A 187 214
554 33 D 131 133
555 4 E 4 14
556 15 B 35 43
557 2 B 23 47
558 3 E 102 112
559 8 B 63 82
560 5 E 85 100
561 22 A 175 178
562 35 C 114 126
563 3 B 192 219
564 34 D 4 26
565 24 C 66 69
566 40 B 98 102
567 18 B 147 162
568 15 C 109 132
569 18 E 81 104
570 23 E 110 133
571 11 A 78 107
572 16 D 41 48
573 25 B 48 61
574 29 A 193 204
575 27 E 136 166
576 13 D 39 56
577 33 B 179 200
578 14 C 133 154
579 37 A 106 133
580 13 E 160 190
581 35 B 179 185
582 12 D 13 18
583 4 E 85 96
584 39 D 107 131
585 7 A 40 58
586 38 B 68 74
587 8 A 65 76
588 39 E 154 179
589 17 D 104 131
590 19 B 5 17
591 16 C 119 131
592 6 A 176 205
593 30 E 90 101
594 28 C 14 36
595 16 C 31 58
596 9 D 137 163
597 17 C 55 63
598 29 A 67 86
599 4 D 162 181
600 17 E 115 143
601 12 B 167 190
602 12 D 162 187
603 39 A 176 180
604 4 A 134 151
605 1 C 148 176
606 6 E 148 159
607 17 A 118 131
608 33 E 41 65
609 27 C 77 81
610 17 A 130 153
611 14 A 96 116
612 18 A 23 43
613 12 E 81 109
614 25 A 149 158
615 22 B 151 181
616 36 B 102 124
617 15 C 104 131
618 12 C 146 169
619 40 A 107 122
620 8 D 111 139
621 29 E 65 77
622 39 B 66 76
623 27 A 62 76
624 2 D 22 44
625 32 A 172 197
626 24 E 138 159
627 30 B 195 198
628 25 A 63 71
629 1 B 130 142
630 5 C 160 167
631 5 C 119 124
632 14 A 194 211
633 36 A 181 185
634 12 E 192 215
635 14 D 28 38
636 19 D 21 50
637 36 A 108 128
638 3 C 196 218
639 38 D 166 195
640 22 C 71 74
641 20 A 156 174
642 33 D 79 105
643 22 B 2 13
644 4 E 18 28
645 12 B 177 196
646 32 C 169 197
647 8 B 133 159
648 34 C 137 162
649 30 E 164 182
650 19 C 95 104
651 28 C 173 195
652 5 C 97 127
653 16 E 156 171
654 33 D 73 101
655 37 D 76 94
656 18 D 171 192
657 19 C 136 156
658 28 A 90 120
659 6 E 109 112
660 40 B 49 78
661 32 A 14 24
662 14 D 79 93
663 17 B 121 143
664 27 C 199 211
665 14 A 25 37
666 22 C 199 207
667 38 E 137 149
668 26 D 85 106
669 25 B 107 120
670 33 A 197 199
671 31 B 106 129
672 7 D 95 101
673 34 D 22 50
674 26 A 55 73
675 10 E 168 171
676 37 B 136 150
677 12 E 197 219
678 24 B 34 49
679 13 A 83 107
680 16 C 25 43
681 35 E 160 183
682 1 C 15 24
683 12 C 152 180
684 12 A 85 103
685 16 B 67 83
686 2 A 189 216
687 11 B 30 38
688 2 D 189 203
689 24 E 24 41
690 30 E 170 179
691 31 D 195 222
692 28 B 59 70
693 29 D 99 111
694 22 C 8 30
695 25 E 86 91
696 40 D 42 68
697 38 E 170 172
698 3 C 116 126
699 34 D 87 94
700 20 E 149 171

# Camiones
1 277
2 255
3 250
4 226
5 264
6 288
7 224
8 180
9 123
10 120
11 279
12 132
13 91
14 290
15 133
16 268
17 281
18 285
19 99
20 148
21 175
22 158
23 216
24 240
25 203
26 221
27 233
28 137
29 107
30 208
31 132
32 286
33 240
34 213
35 180
36 284
37 228
38 182
39 156
40 106
41 198
42 293
43 117
44 224
45 286
46 262
47 188
48 130
49 210
50 166
51 178
52 256
53 192
54 300
55 284
56 297
57 83
58 273
59 123
60 200
61 231
62 121
63 144
64 204
65 171
66 165
67 273
68 136
69 127
70 148
71 139
72 126
73 164
74 216
75 150
76 262
77 258
78 133
79 120
80 173
81 170
82 285
83 157
84 193
85 110
86 207
87 246
88 186
89 198
90 85
91 244
92 268
93 127
94 84
95 81
96 245
97 298
98 234
99 95
100 235
101 162
102 288
103 255
104 274
105 284
106 227
107 291
108 159
109 96
110 160
111 95
112 139
113 195
114 250
115 247
116 223
117 189
118 231
119 114
120 164