80 15

# Paquetes
1 15 E 19 22
2 16 C 40 46
3 2 B 26 28
4 16 B 4 13
5 19 D 33 40
6 4 D 46 56
7 17 A 38 51
8 10 B 17 24
9 5 E 13 18
10 15 A 9 13
11 2 C 1 9
12 17 A 2 8
13 15 C 12 19
14 15 A 23 28
15 9 C 27 31
16 3 A 19 29
17 16 B 35 37
18 20 C 15 20
19 16 C 42 52
20 20 B 42 57
21 3 A 49 54
22 7 B 17 22
23 4 D 15 21
24 11 B 12 23
25 7 D 47 56
26 3 C 19 27
27 12 C 38 45
28 8 D 49 59
29 11 C 42 47
30 13 A 28 32
31 4 A 29 35
32 11 D 2 13
33 15 D 19 23
34 11 B 30 41
35 5 A 23 31
36 15 B 45 53
37 20 D 21 34
38 17 C 8 17
39 4 B 38 48
40 3 C 49 58
41 14 E 22 31
42 4 C 13 22
43 3 D 2 5
44 13 A 32 39
45 10 C 2 12
46 16 E 1 10
47 13 C 40 48
48 1 C 32 43
49 5 D 18 20
50 1 C 11 26
51 15 A 48 56
52 17 A 30 37
53 8 E 40 43
54 3 B 37 40
55 2 D 13 26
56 11 E 43 51
57 9 B 12 26
58 4 C 13 20
59 8 C 16 25
60 3 E 4 13
61 12 B 26 34
62 5 D 15 21
63 14 B 41 50
64 7 D 17 31
65 15 C 18 29
66 20 E 49 51
67 4 B 1 3
68 2 D 31 40
69 17 E 32 38
70 10 A 14 23
71 13 E 19 31
72 7 A 27 34
73 10 C 12 24
74 8 E 2 8
75 18 D 36 39
76 11 C 43 58
77 19 D 33 35
78 3 D 38 40
79 16 A 41 46
80 2 B 32 36

# Camiones
1 65
2 56
3 78
4 40
5 74
6 45
7 55
8 105
9 72
10 52
11 71
12 70
13 97
14 81
15 63